layers 5

  interlace 0.0 0.05
  thick 0.12 0.024
  color 255 204 51 255

  mosaic "12-6-Trigon" 3

    polygon 9
      -1.5773502691896246 -1.5773502691896224
      -0.5773502691896256 -2.154700538379248
      -0.5773502691896267 -3.309401076758503
      0.5773502691896251 -3.309401076758504
      0.5773502691896257 -2.154700538379252
      1.577350269189626 -1.5773502691896268
      0.9999999999999997 -0.5773502691896263
      -2.1211504774498136E-16 -1.1547005383792515
      -1.0000000000000002 -0.5773502691896254

    explicit 


    regular 12

    star 12 4.0 2


    regular 6

    star 6 2.0 2


  interlace 0.0 0.05
  thick 0.12 0.024
  color 255 204 51 255

  mosaic "12-6-Trigon" 3

    polygon 9
      -1.5773502691896246 -1.5773502691896224
      -0.5773502691896256 -2.154700538379248
      -0.5773502691896267 -3.309401076758503
      0.5773502691896251 -3.309401076758504
      0.5773502691896257 -2.154700538379252
      1.577350269189626 -1.5773502691896268
      0.9999999999999997 -0.5773502691896263
      -2.1211504774498136E-16 -1.1547005383792515
      -1.0000000000000002 -0.5773502691896254

    explicit 


    regular 12

    star 12 4.0 2


    regular 6

    star 6 2.0 2


  thick 0.22796 0.0
  color 0 0 0 255

  mosaic "12-6-Trigon" 3

    polygon 9
      -1.5773502691896246 -1.5773502691896224
      -0.5773502691896256 -2.154700538379248
      -0.5773502691896267 -3.309401076758503
      0.5773502691896251 -3.309401076758504
      0.5773502691896257 -2.154700538379252
      1.577350269189626 -1.5773502691896268
      0.9999999999999997 -0.5773502691896263
      -2.1211504774498136E-16 -1.1547005383792515
      -1.0000000000000002 -0.5773502691896254

    explicit 


    regular 12

    star 12 4.0 2


    regular 6

    star 6 2.0 2


  filled true false
  color 0 0 0 255

  mosaic "12-6-Trigon" 3

    polygon 9
      -1.5773502691896246 -1.5773502691896224
      -0.5773502691896256 -2.154700538379248
      -0.5773502691896267 -3.309401076758503
      0.5773502691896251 -3.309401076758504
      0.5773502691896257 -2.154700538379252
      1.577350269189626 -1.5773502691896268
      0.9999999999999997 -0.5773502691896263
      -2.1211504774498136E-16 -1.1547005383792515
      -1.0000000000000002 -0.5773502691896254

    explicit 


    regular 12

    star 12 4.0 2


    regular 6

    star 6 2.0 2


  filled false true
  color 153 51 0 255

  mosaic "12-6-Trigon" 3

    polygon 9
      -1.5773502691896246 -1.5773502691896224
      -0.5773502691896256 -2.154700538379248
      -0.5773502691896267 -3.309401076758503
      0.5773502691896251 -3.309401076758504
      0.5773502691896257 -2.154700538379252
      1.577350269189626 -1.5773502691896268
      0.9999999999999997 -0.5773502691896263
      -2.1211504774498136E-16 -1.1547005383792515
      -1.0000000000000002 -0.5773502691896254

    explicit 


    regular 12

    star 12 4.0 2


    regular 6

    star 6 2.0 2


