layers 5
  interlace 0.20000000000000001 0.17656250000000001
  thick 0.20000000000000001 0
  color 255 255 255 255
  mosaic "3-8-4-6" 5
    polygon 14
      -1.4494897427831759 11.974691494688145
      -3.1815405503520111 8.9746914946881571
      0.16452466459917625 8.0781160225201134
      1.8965754721680543 5.0781160225201125
      1 1.7320508075688767
      3.4494897427831783 4.1815405503520529
      6.9135913579209323 4.1815405503520529
      9.363081100704111 1.732050807568875
      11.09513190827299 4.732050807568875
      7.7490666933217591 5.6286262797369249
      6.0170158857528886 8.6286262797369186
      6.9135913579209447 11.974691494688145
      4.4641016151377642 9.5252017519049659
      1.0000000000000022 9.5252017519049659
    irregular "Girih" 0 5 1
    regular 8
    rosette 8 0 3
    regular 6
    rosette 6 0 3
    regular 4
    irregular "Girih" 0 0.59999999999999998 1
    regular 3
    irregular "Girih" 0 0.59999999999999998 1
  interlace 0.20000000000000001 0.17656250000000001
  thick 0.20000000000000001 0
  color 255 255 255 255
  mosaic "3-8-4-6" 5
    polygon 14
      -1.4494897427831759 11.974691494688145
      -3.1815405503520111 8.9746914946881571
      0.16452466459917625 8.0781160225201134
      1.8965754721680543 5.0781160225201125
      1 1.7320508075688767
      3.4494897427831783 4.1815405503520529
      6.9135913579209323 4.1815405503520529
      9.363081100704111 1.732050807568875
      11.09513190827299 4.732050807568875
      7.7490666933217591 5.6286262797369249
      6.0170158857528886 8.6286262797369186
      6.9135913579209447 11.974691494688145
      4.4641016151377642 9.5252017519049659
      1.0000000000000022 9.5252017519049659
    irregular "Girih" 0 5 1
    regular 8
    rosette 8 0 3
    regular 6
    rosette 6 0 3
    regular 4
    irregular "Girih" 0 0.59999999999999998 1
    regular 3
    irregular "Girih" 0 0.59999999999999998 1
  outline
  thick 0.40000000000000002 0
  color 51 51 51 255
  mosaic "3-8-4-6" 5
    polygon 14
      -1.4494897427831759 11.974691494688145
      -3.1815405503520111 8.9746914946881571
      0.16452466459917625 8.0781160225201134
      1.8965754721680543 5.0781160225201125
      1 1.7320508075688767
      3.4494897427831783 4.1815405503520529
      6.9135913579209323 4.1815405503520529
      9.363081100704111 1.732050807568875
      11.09513190827299 4.732050807568875
      7.7490666933217591 5.6286262797369249
      6.0170158857528886 8.6286262797369186
      6.9135913579209447 11.974691494688145
      4.4641016151377642 9.5252017519049659
      1.0000000000000022 9.5252017519049659
    irregular "Girih" 0 5 1
    regular 8
    rosette 8 0 3
    regular 6
    rosette 6 0 3
    regular 4
    irregular "Girih" 0 0.59999999999999998 1
    regular 3
    irregular "Girih" 0 0.59999999999999998 1
  filled true false
  color 0 204 204 255
  mosaic "3-8-4-6" 5
    polygon 14
      -1.4494897427831759 11.974691494688145
      -3.1815405503520111 8.9746914946881571
      0.16452466459917625 8.0781160225201134
      1.8965754721680543 5.0781160225201125
      1 1.7320508075688767
      3.4494897427831783 4.1815405503520529
      6.9135913579209323 4.1815405503520529
      9.363081100704111 1.732050807568875
      11.09513190827299 4.732050807568875
      7.7490666933217591 5.6286262797369249
      6.0170158857528886 8.6286262797369186
      6.9135913579209447 11.974691494688145
      4.4641016151377642 9.5252017519049659
      1.0000000000000022 9.5252017519049659
    irregular "Girih" 0 5 1
    regular 8
    rosette 8 0 3
    regular 6
    rosette 6 0 3
    regular 4
    irregular "Girih" 0 0.59999999999999998 1
    regular 3
    irregular "Girih" 0 0.59999999999999998 1
  filled false true
  color 255 153 0 255
  mosaic "3-8-4-6" 5
    polygon 14
      -1.4494897427831759 11.974691494688145
      -3.1815405503520111 8.9746914946881571
      0.16452466459917625 8.0781160225201134
      1.8965754721680543 5.0781160225201125
      1 1.7320508075688767
      3.4494897427831783 4.1815405503520529
      6.9135913579209323 4.1815405503520529
      9.363081100704111 1.732050807568875
      11.09513190827299 4.732050807568875
      7.7490666933217591 5.6286262797369249
      6.0170158857528886 8.6286262797369186
      6.9135913579209447 11.974691494688145
      4.4641016151377642 9.5252017519049659
      1.0000000000000022 9.5252017519049659
    irregular "Girih" 0 5 1
    regular 8
    rosette 8 0 3
    regular 6
    rosette 6 0 3
    regular 4
    irregular "Girih" 0 0.59999999999999998 1
    regular 3
    irregular "Girih" 0 0.59999999999999998 1
