layers 4
  thick 0.17999999999999999 0
  color 255 255 255 255
  mosaic "3-8-12" 4
    polygon 14
      -1.4494897427831759 11.974691494688145
      -3.1815405503520111 8.9746914946881571
      0.16452466459917625 8.0781160225201134
      1.8965754721680543 5.0781160225201125
      1 1.7320508075688767
      3.4494897427831783 4.1815405503520529
      6.9135913579209323 4.1815405503520529
      9.363081100704111 1.732050807568875
      11.09513190827299 4.732050807568875
      7.7490666933217591 5.6286262797369249
      6.0170158857528886 8.6286262797369186
      6.9135913579209447 11.974691494688145
      4.4641016151377642 9.5252017519049659
      1.0000000000000022 9.5252017519049659
    irregular "Girih" 0 3.4599999999999955 1
    regular 12
    star 12 3 2
    regular 8
    star 8 2.0097999999999998 2
    regular 3
    irregular "Girih" 0 0.59999999999999998 1
  thick 0.29999999999999999 0
  color 0 0 0 90
  mosaic "3-8-12" 4
    polygon 14
      -1.4494897427831759 11.974691494688145
      -3.1815405503520111 8.9746914946881571
      0.16452466459917625 8.0781160225201134
      1.8965754721680543 5.0781160225201125
      1 1.7320508075688767
      3.4494897427831783 4.1815405503520529
      6.9135913579209323 4.1815405503520529
      9.363081100704111 1.732050807568875
      11.09513190827299 4.732050807568875
      7.7490666933217591 5.6286262797369249
      6.0170158857528886 8.6286262797369186
      6.9135913579209447 11.974691494688145
      4.4641016151377642 9.5252017519049659
      1.0000000000000022 9.5252017519049659
    irregular "Girih" 0 3.4599999999999955 1
    regular 12
    star 12 3 2
    regular 8
    star 8 2.0097999999999998 2
    regular 3
    irregular "Girih" 0 0.59999999999999998 1
  filled false true
  color 0 153 204 255
  mosaic "3-8-12" 4
    polygon 14
      -1.4494897427831759 11.974691494688145
      -3.1815405503520111 8.9746914946881571
      0.16452466459917625 8.0781160225201134
      1.8965754721680543 5.0781160225201125
      1 1.7320508075688767
      3.4494897427831783 4.1815405503520529
      6.9135913579209323 4.1815405503520529
      9.363081100704111 1.732050807568875
      11.09513190827299 4.732050807568875
      7.7490666933217591 5.6286262797369249
      6.0170158857528886 8.6286262797369186
      6.9135913579209447 11.974691494688145
      4.4641016151377642 9.5252017519049659
      1.0000000000000022 9.5252017519049659
    irregular "Girih" 0 3.4599999999999955 1
    regular 12
    star 12 3 2
    regular 8
    star 8 2.0097999999999998 2
    regular 3
    irregular "Girih" 0 0.59999999999999998 1
  filled true false
  color 0 51 51 255
  mosaic "3-8-12" 4
    polygon 14
      -1.4494897427831759 11.974691494688145
      -3.1815405503520111 8.9746914946881571
      0.16452466459917625 8.0781160225201134
      1.8965754721680543 5.0781160225201125
      1 1.7320508075688767
      3.4494897427831783 4.1815405503520529
      6.9135913579209323 4.1815405503520529
      9.363081100704111 1.732050807568875
      11.09513190827299 4.732050807568875
      7.7490666933217591 5.6286262797369249
      6.0170158857528886 8.6286262797369186
      6.9135913579209447 11.974691494688145
      4.4641016151377642 9.5252017519049659
      1.0000000000000022 9.5252017519049659
    irregular "Girih" 0 3.4599999999999955 1
    regular 12
    star 12 3 2
    regular 8
    star 8 2.0097999999999998 2
    regular 3
    irregular "Girih" 0 0.59999999999999998 1
