layers 5
  interlace 0.055 0.040000000000000001
  thick 0.055 0
  color 246 239 215 255
  mosaic "7.6" 3
    polygon 16
      -2.413901319993915 2.2183182498892533
      -3.3166825537215976 1.4983742400090012
      -2.9763285951392566 0.39497380670717208
      -3.7617244216342272 -0.45148158435464647
      -3.2607186344811803 -1.4918308211845148
      -3.7617244216342276 -2.532180058014383
      -2.9763285951392571 -3.3786354490762016
      -3.3166825537215989 -4.4820358823780309
      -2.4139013199939159 -5.2019798922582829
      -1.5111200862662335 -4.4820358823780309
      -1.8514740448485749 -3.3786354490762021
      -1.0660782183536048 -2.532180058014383
      -1.5670840055066524 -1.4918308211845144
      -1.0660782183536046 -0.4514815843546458
      -1.8514740448485749 0.39497380670717253
      -1.5111200862662337 1.4983742400090014
    irregular "Girih" 0.54000000000000004 2.8799999999999999 1
    regular 7
    star 7 2.5 2
    regular 6
    star 6 2.2999999999999998 2
  interlace 0.055 0.050000000000000003
  thick 0.074999999999999997 0
  color 158 144 108 255
  mosaic "7.6" 3
    polygon 16
      -2.413901319993915 2.2183182498892533
      -3.3166825537215976 1.4983742400090012
      -2.9763285951392566 0.39497380670717208
      -3.7617244216342272 -0.45148158435464647
      -3.2607186344811803 -1.4918308211845148
      -3.7617244216342276 -2.532180058014383
      -2.9763285951392571 -3.3786354490762016
      -3.3166825537215989 -4.4820358823780309
      -2.4139013199939159 -5.2019798922582829
      -1.5111200862662335 -4.4820358823780309
      -1.8514740448485749 -3.3786354490762021
      -1.0660782183536048 -2.532180058014383
      -1.5670840055066524 -1.4918308211845144
      -1.0660782183536046 -0.4514815843546458
      -1.8514740448485749 0.39497380670717253
      -1.5111200862662337 1.4983742400090014
    irregular "Girih" 0.54000000000000004 2.8799999999999999 1
    regular 7
    star 7 2.5 2
    regular 6
    star 6 2.2999999999999998 2
  outline
  thick 0.13 0
  color 255 204 0 255
  mosaic "7.6" 3
    polygon 16
      -2.413901319993915 2.2183182498892533
      -3.3166825537215976 1.4983742400090012
      -2.9763285951392566 0.39497380670717208
      -3.7617244216342272 -0.45148158435464647
      -3.2607186344811803 -1.4918308211845148
      -3.7617244216342276 -2.532180058014383
      -2.9763285951392571 -3.3786354490762016
      -3.3166825537215989 -4.4820358823780309
      -2.4139013199939159 -5.2019798922582829
      -1.5111200862662335 -4.4820358823780309
      -1.8514740448485749 -3.3786354490762021
      -1.0660782183536048 -2.532180058014383
      -1.5670840055066524 -1.4918308211845144
      -1.0660782183536046 -0.4514815843546458
      -1.8514740448485749 0.39497380670717253
      -1.5111200862662337 1.4983742400090014
    irregular "Girih" 0.54000000000000004 2.8799999999999999 1
    regular 7
    star 7 2.5 2
    regular 6
    star 6 2.2999999999999998 2
  outline
  thick 0.17000000000000001 0
  color 0 0 0 76
  mosaic "7.6" 3
    polygon 16
      -2.413901319993915 2.2183182498892533
      -3.3166825537215976 1.4983742400090012
      -2.9763285951392566 0.39497380670717208
      -3.7617244216342272 -0.45148158435464647
      -3.2607186344811803 -1.4918308211845148
      -3.7617244216342276 -2.532180058014383
      -2.9763285951392571 -3.3786354490762016
      -3.3166825537215989 -4.4820358823780309
      -2.4139013199939159 -5.2019798922582829
      -1.5111200862662335 -4.4820358823780309
      -1.8514740448485749 -3.3786354490762021
      -1.0660782183536048 -2.532180058014383
      -1.5670840055066524 -1.4918308211845144
      -1.0660782183536046 -0.4514815843546458
      -1.8514740448485749 0.39497380670717253
      -1.5111200862662337 1.4983742400090014
    irregular "Girih" 0.54000000000000004 2.8799999999999999 1
    regular 7
    star 7 2.5 2
    regular 6
    star 6 2.2999999999999998 2
  filled true true
  color 0 153 102 255
  mosaic "7.6" 3
    polygon 16
      -2.413901319993915 2.2183182498892533
      -3.3166825537215976 1.4983742400090012
      -2.9763285951392566 0.39497380670717208
      -3.7617244216342272 -0.45148158435464647
      -3.2607186344811803 -1.4918308211845148
      -3.7617244216342276 -2.532180058014383
      -2.9763285951392571 -3.3786354490762016
      -3.3166825537215989 -4.4820358823780309
      -2.4139013199939159 -5.2019798922582829
      -1.5111200862662335 -4.4820358823780309
      -1.8514740448485749 -3.3786354490762021
      -1.0660782183536048 -2.532180058014383
      -1.5670840055066524 -1.4918308211845144
      -1.0660782183536046 -0.4514815843546458
      -1.8514740448485749 0.39497380670717253
      -1.5111200862662337 1.4983742400090014
    irregular "Girih" 0.54000000000000004 2.8799999999999999 1
    regular 7
    star 7 2.5 2
    regular 6
    star 6 2.2999999999999998 2
