layers 5

  interlace 0.07 0.03
  thick 0.0765625 0.0
  color 255 255 255 255

  mosaic "7.6" 3

    regular 6

    star 6 2.3203125 1


    polygon 16
      -2.413901319993915 2.2183182498892533
      -3.3166825537215976 1.4983742400090012
      -2.9763285951392566 0.3949738067071721
      -3.761724421634227 -0.45148158435464647
      -3.2607186344811803 -1.4918308211845148
      -3.7617244216342276 -2.532180058014383
      -2.976328595139257 -3.3786354490762016
      -3.316682553721599 -4.482035882378031
      -2.413901319993916 -5.201979892258283
      -1.5111200862662335 -4.482035882378031
      -1.851474044848575 -3.378635449076202
      -1.0660782183536048 -2.532180058014383
      -1.5670840055066524 -1.4918308211845144
      -1.0660782183536046 -0.4514815843546458
      -1.851474044848575 0.3949738067071725
      -1.5111200862662337 1.4983742400090014

    explicit 


    regular 7

    star 7 3.0 2


  interlace 0.07 0.03
  thick 0.0765625 0.0
  color 255 255 255 255

  mosaic "7.6" 3

    regular 6

    star 6 2.3203125 1


    polygon 16
      -2.413901319993915 2.2183182498892533
      -3.3166825537215976 1.4983742400090012
      -2.9763285951392566 0.3949738067071721
      -3.761724421634227 -0.45148158435464647
      -3.2607186344811803 -1.4918308211845148
      -3.7617244216342276 -2.532180058014383
      -2.976328595139257 -3.3786354490762016
      -3.316682553721599 -4.482035882378031
      -2.413901319993916 -5.201979892258283
      -1.5111200862662335 -4.482035882378031
      -1.851474044848575 -3.378635449076202
      -1.0660782183536048 -2.532180058014383
      -1.5670840055066524 -1.4918308211845144
      -1.0660782183536046 -0.4514815843546458
      -1.851474044848575 0.3949738067071725
      -1.5111200862662337 1.4983742400090014

    explicit 


    regular 7

    star 7 3.0 2


  outline 
  thick 0.153125 0.0
  color 134 132 126 255

  mosaic "7.6" 3

    regular 6

    star 6 2.3203125 1


    polygon 16
      -2.413901319993915 2.2183182498892533
      -3.3166825537215976 1.4983742400090012
      -2.9763285951392566 0.3949738067071721
      -3.761724421634227 -0.45148158435464647
      -3.2607186344811803 -1.4918308211845148
      -3.7617244216342276 -2.532180058014383
      -2.976328595139257 -3.3786354490762016
      -3.316682553721599 -4.482035882378031
      -2.413901319993916 -5.201979892258283
      -1.5111200862662335 -4.482035882378031
      -1.851474044848575 -3.378635449076202
      -1.0660782183536048 -2.532180058014383
      -1.5670840055066524 -1.4918308211845144
      -1.0660782183536046 -0.4514815843546458
      -1.851474044848575 0.3949738067071725
      -1.5111200862662337 1.4983742400090014

    explicit 


    regular 7

    star 7 3.0 2


  filled true false
  color 0 0 0 255

  mosaic "7.6" 3

    regular 6

    star 6 2.3203125 1


    polygon 16
      -2.413901319993915 2.2183182498892533
      -3.3166825537215976 1.4983742400090012
      -2.9763285951392566 0.3949738067071721
      -3.761724421634227 -0.45148158435464647
      -3.2607186344811803 -1.4918308211845148
      -3.7617244216342276 -2.532180058014383
      -2.976328595139257 -3.3786354490762016
      -3.316682553721599 -4.482035882378031
      -2.413901319993916 -5.201979892258283
      -1.5111200862662335 -4.482035882378031
      -1.851474044848575 -3.378635449076202
      -1.0660782183536048 -2.532180058014383
      -1.5670840055066524 -1.4918308211845144
      -1.0660782183536046 -0.4514815843546458
      -1.851474044848575 0.3949738067071725
      -1.5111200862662337 1.4983742400090014

    explicit 


    regular 7

    star 7 3.0 2


  filled false true
  color 0 204 204 255

  mosaic "7.6" 3

    regular 6

    star 6 2.3203125 1


    polygon 16
      -2.413901319993915 2.2183182498892533
      -3.3166825537215976 1.4983742400090012
      -2.9763285951392566 0.3949738067071721
      -3.761724421634227 -0.45148158435464647
      -3.2607186344811803 -1.4918308211845148
      -3.7617244216342276 -2.532180058014383
      -2.976328595139257 -3.3786354490762016
      -3.316682553721599 -4.482035882378031
      -2.413901319993916 -5.201979892258283
      -1.5111200862662335 -4.482035882378031
      -1.851474044848575 -3.378635449076202
      -1.0660782183536048 -2.532180058014383
      -1.5670840055066524 -1.4918308211845144
      -1.0660782183536046 -0.4514815843546458
      -1.851474044848575 0.3949738067071725
      -1.5111200862662337 1.4983742400090014

    explicit 


    regular 7

    star 7 3.0 2


