layers 7

  interlace 0.05859375 0.05
  thick 0.05 0.0
  color 20 150 210 255

  mosaic "8 6 ~5" 3

    polygon 5
      1.0 0.4142135623730951
      0.9999999999999998 -0.41421356237309576
      1.80019915499074 -0.6286262797369315
      2.4288254347276714 4.440892098500626E-16
      1.8001991549907408 0.6286262797369311

    explicit 


    regular 8

    star 8 2.6666666666666665 2


    regular 6

    star 6 2.0 2


  interlace 0.05859375 0.05
  thick 0.05 0.0
  color 20 150 210 255

  mosaic "8 6 ~5" 3

    polygon 5
      1.0 0.4142135623730951
      0.9999999999999998 -0.41421356237309576
      1.80019915499074 -0.6286262797369315
      2.4288254347276714 4.440892098500626E-16
      1.8001991549907408 0.6286262797369311

    explicit 


    regular 8

    star 8 2.6666666666666665 2


    regular 6

    star 6 2.0 2


  thick 0.1015625 0.0
  color 0 51 102 255

  mosaic "8 6 ~5" 3

    polygon 5
      1.0 0.4142135623730951
      0.9999999999999998 -0.41421356237309576
      1.80019915499074 -0.6286262797369315
      2.4288254347276714 4.440892098500626E-16
      1.8001991549907408 0.6286262797369311

    explicit 


    regular 8

    star 8 2.6666666666666665 2


    regular 6

    star 6 2.0 2


  thick 0.146875 0.0
  color 255 255 255 255

  mosaic "8 6 ~5" 3

    polygon 5
      1.0 0.4142135623730951
      0.9999999999999998 -0.41421356237309576
      1.80019915499074 -0.6286262797369315
      2.4288254347276714 4.440892098500626E-16
      1.8001991549907408 0.6286262797369311

    explicit 


    regular 8

    star 8 2.6666666666666665 2


    regular 6

    star 6 2.0 2


  thick 0.19375 0.0
  color 0 0 0 255

  mosaic "8 6 ~5" 3

    polygon 5
      1.0 0.4142135623730951
      0.9999999999999998 -0.41421356237309576
      1.80019915499074 -0.6286262797369315
      2.4288254347276714 4.440892098500626E-16
      1.8001991549907408 0.6286262797369311

    explicit 


    regular 8

    star 8 2.6666666666666665 2


    regular 6

    star 6 2.0 2


  thick 0.22187500000000002 0.0
  color 0 204 204 255

  mosaic "8 6 ~5" 3

    polygon 5
      1.0 0.4142135623730951
      0.9999999999999998 -0.41421356237309576
      1.80019915499074 -0.6286262797369315
      2.4288254347276714 4.440892098500626E-16
      1.8001991549907408 0.6286262797369311

    explicit 


    regular 8

    star 8 2.6666666666666665 2


    regular 6

    star 6 2.0 2


  filled true true
  color 0 153 153 255

  mosaic "8 6 ~5" 3

    polygon 5
      1.0 0.4142135623730951
      0.9999999999999998 -0.41421356237309576
      1.80019915499074 -0.6286262797369315
      2.4288254347276714 4.440892098500626E-16
      1.8001991549907408 0.6286262797369311

    explicit 


    regular 8

    star 8 2.6666666666666665 2


    regular 6

    star 6 2.0 2


