layers 5

  interlace 0.0 0.05
  thick 0.0765625 0.015312500000000001
  color 102 204 255 255

  mosaic "8 Ring" 3

    polygon 16
      1.0 0.41421356237309515
      1.0 -0.41421356237309576
      0.41421356237309714 -1.0
      1.0 -1.5857864376269066
      1.0 -2.4142135623730976
      1.8284271247461918 -2.414213562373097
      2.4142135623730963 -3.0
      3.0 -2.414213562373097
      3.828427124746192 -2.414213562373097
      3.8284271247461925 -1.5857864376269064
      4.414213562373098 -1.0
      3.8284271247461934 -0.41421356237309587
      3.8284271247461934 0.4142135623730943
      3.0 0.41421356237309426
      2.414213562373096 1.0
      1.8284271247461912 0.4142135623730955

    explicit 


    regular 8

    star 8 2.0078125 2


    regular 4

    explicit 


  outline 
  thick 0.06 0.012
  color 0 102 204 255

  mosaic "8 and 8" 3

    regular 8

    rosette 8 0.0 3


    polygon 3
      1.8284271247461912 0.4142135623730955
      3.0 0.41421356237309426
      2.414213562373096 1.0

    explicit 


    regular 4

    explicit 


  outline 
  thick 0.13125 0.026250000000000002
  color 255 204 0 255

  mosaic "8 and 8" 3

    regular 8

    rosette 8 0.0 3


    polygon 3
      1.8284271247461912 0.4142135623730955
      3.0 0.41421356237309426
      2.414213562373096 1.0

    explicit 


    regular 4

    explicit 


  filled true false
  color 0 51 102 255

  mosaic "8 Ring" 3

    polygon 16
      1.0 0.41421356237309515
      1.0 -0.41421356237309576
      0.41421356237309714 -1.0
      1.0 -1.5857864376269066
      1.0 -2.4142135623730976
      1.8284271247461918 -2.414213562373097
      2.4142135623730963 -3.0
      3.0 -2.414213562373097
      3.828427124746192 -2.414213562373097
      3.8284271247461925 -1.5857864376269064
      4.414213562373098 -1.0
      3.8284271247461934 -0.41421356237309587
      3.8284271247461934 0.4142135623730943
      3.0 0.41421356237309426
      2.414213562373096 1.0
      1.8284271247461912 0.4142135623730955

    explicit 


    regular 8

    star 8 2.0078125 2


    regular 4

    explicit 


  filled false true
  color 204 102 0 255

  mosaic "8 Ring" 3

    polygon 16
      1.0 0.41421356237309515
      1.0 -0.41421356237309576
      0.41421356237309714 -1.0
      1.0 -1.5857864376269066
      1.0 -2.4142135623730976
      1.8284271247461918 -2.414213562373097
      2.4142135623730963 -3.0
      3.0 -2.414213562373097
      3.828427124746192 -2.414213562373097
      3.8284271247461925 -1.5857864376269064
      4.414213562373098 -1.0
      3.8284271247461934 -0.41421356237309587
      3.8284271247461934 0.4142135623730943
      3.0 0.41421356237309426
      2.414213562373096 1.0
      1.8284271247461912 0.4142135623730955

    explicit 


    regular 8

    star 8 2.0078125 2


    regular 4

    explicit 


