layers 4

  thick 0.02 0.0
  color 255 255 204 255

  mosaic "8-6-5" 4

    regular 8

    rosette 8 0.0 3


    regular 6

    rosette 6 0.0 3


    polygon 8
      -0.15400717293728017 2.4288254347276723
      -0.628626279736931 1.8001991549907412
      1.6653345369377348E-16 2.27481826179039
      0.6286262797369306 1.8001991549907403
      0.1540071729372806 2.4288254347276705
      0.6286262797369295 3.057451714464602
      7.54927596028038E-16 2.5828326076649537
      -0.6286262797369311 3.057451714464604

    explicit 


    regular 5

    rosette 5 0.0 3


  thick 0.05 0.0
  color 102 0 0 255

  mosaic "8-6-5" 4

    regular 8

    rosette 8 0.0 3


    regular 6

    rosette 6 0.0 3


    polygon 8
      -0.15400717293728017 2.4288254347276723
      -0.628626279736931 1.8001991549907412
      1.6653345369377348E-16 2.27481826179039
      0.6286262797369306 1.8001991549907403
      0.1540071729372806 2.4288254347276705
      0.6286262797369295 3.057451714464602
      7.54927596028038E-16 2.5828326076649537
      -0.6286262797369311 3.057451714464604

    explicit 


    regular 5

    rosette 5 0.0 3


  filled false true
  color 255 153 0 255

  mosaic "8-6-5" 4

    regular 8

    rosette 8 0.0 3


    regular 6

    rosette 6 0.0 3


    polygon 8
      -0.15400717293728017 2.4288254347276723
      -0.628626279736931 1.8001991549907412
      1.6653345369377348E-16 2.27481826179039
      0.6286262797369306 1.8001991549907403
      0.1540071729372806 2.4288254347276705
      0.6286262797369295 3.057451714464602
      7.54927596028038E-16 2.5828326076649537
      -0.6286262797369311 3.057451714464604

    explicit 


    regular 5

    rosette 5 0.0 3


  filled true false
  color 0 204 204 255

  mosaic "8-6-5" 4

    regular 8

    rosette 8 0.0 3


    regular 6

    rosette 6 0.0 3


    polygon 8
      -0.15400717293728017 2.4288254347276723
      -0.628626279736931 1.8001991549907412
      1.6653345369377348E-16 2.27481826179039
      0.6286262797369306 1.8001991549907403
      0.1540071729372806 2.4288254347276705
      0.6286262797369295 3.057451714464602
      7.54927596028038E-16 2.5828326076649537
      -0.6286262797369311 3.057451714464604

    explicit 


    regular 5

    rosette 5 0.0 3


