layers 6
  thick 0.029999999999999999 0
  color 255 255 153 255
  mosaic "9.6 Losange" 5
    polygon 4
      -2.1371580426032573 0.77786191343020672
      -2.137158042603259 -0.77786191343020739
      -1.0000000000000004 -0.57735026918962573
      -1 0.57735026918962618
    irregular "Girih" 0 1.3500000000000001 1
    polygon 4
      -1.000000000000002 -3.9021779578338753
      -2.137158042603259 -3.7016663135932948
      -2.8793852415718169 -4.9872415329663715
      -1.3949308436347019 -4.9872415329663751
    irregular "Girih" 0 1.25 1
    polygon 6
      -7.2589913465701203e-16 3.3248276886442483
      0.39493084363469821 2.2397641135117494
      1.7422271989685585 1.4619022000815429
      2.8793852415718142 1.6624138443221237
      2.4844543979371161 2.7474774194546216
      1.1371580426032561 3.5253393328848279
    irregular "Girih" 0 1.6299999999999999 1
    regular 9
    star 9 2.4996999999999998 2
    regular 6
    star 6 1.6665000000000001 2
  thick 0.089999999999999997 0
  color 51 0 0 255
  mosaic "9.6 Losange" 5
    polygon 4
      -2.1371580426032573 0.77786191343020672
      -2.137158042603259 -0.77786191343020739
      -1.0000000000000004 -0.57735026918962573
      -1 0.57735026918962618
    irregular "Girih" 0 1.3500000000000001 1
    polygon 4
      -1.000000000000002 -3.9021779578338753
      -2.137158042603259 -3.7016663135932948
      -2.8793852415718169 -4.9872415329663715
      -1.3949308436347019 -4.9872415329663751
    irregular "Girih" 0 1.25 1
    polygon 6
      -7.2589913465701203e-16 3.3248276886442483
      0.39493084363469821 2.2397641135117494
      1.7422271989685585 1.4619022000815429
      2.8793852415718142 1.6624138443221237
      2.4844543979371161 2.7474774194546216
      1.1371580426032561 3.5253393328848279
    irregular "Girih" 0 1.6299999999999999 1
    regular 9
    star 9 2.4996999999999998 2
    regular 6
    star 6 1.6665000000000001 2
  thick 0.14999999999999999 0
  color 255 204 0 255
  mosaic "9.6 Losange" 5
    polygon 4
      -2.1371580426032573 0.77786191343020672
      -2.137158042603259 -0.77786191343020739
      -1.0000000000000004 -0.57735026918962573
      -1 0.57735026918962618
    irregular "Girih" 0 1.3500000000000001 1
    polygon 4
      -1.000000000000002 -3.9021779578338753
      -2.137158042603259 -3.7016663135932948
      -2.8793852415718169 -4.9872415329663715
      -1.3949308436347019 -4.9872415329663751
    irregular "Girih" 0 1.25 1
    polygon 6
      -7.2589913465701203e-16 3.3248276886442483
      0.39493084363469821 2.2397641135117494
      1.7422271989685585 1.4619022000815429
      2.8793852415718142 1.6624138443221237
      2.4844543979371161 2.7474774194546216
      1.1371580426032561 3.5253393328848279
    irregular "Girih" 0 1.6299999999999999 1
    regular 9
    star 9 2.4996999999999998 2
    regular 6
    star 6 1.6665000000000001 2
  thick 0.23999999999999999 0
  color 0 0 0 127
  mosaic "9.6 Losange" 5
    polygon 4
      -2.1371580426032573 0.77786191343020672
      -2.137158042603259 -0.77786191343020739
      -1.0000000000000004 -0.57735026918962573
      -1 0.57735026918962618
    irregular "Girih" 0 1.3500000000000001 1
    polygon 4
      -1.000000000000002 -3.9021779578338753
      -2.137158042603259 -3.7016663135932948
      -2.8793852415718169 -4.9872415329663715
      -1.3949308436347019 -4.9872415329663751
    irregular "Girih" 0 1.25 1
    polygon 6
      -7.2589913465701203e-16 3.3248276886442483
      0.39493084363469821 2.2397641135117494
      1.7422271989685585 1.4619022000815429
      2.8793852415718142 1.6624138443221237
      2.4844543979371161 2.7474774194546216
      1.1371580426032561 3.5253393328848279
    irregular "Girih" 0 1.6299999999999999 1
    regular 9
    star 9 2.4996999999999998 2
    regular 6
    star 6 1.6665000000000001 2
  filled true false
  color 0 51 0 255
  mosaic "9.6 Losange" 5
    polygon 4
      -2.1371580426032573 0.77786191343020672
      -2.137158042603259 -0.77786191343020739
      -1.0000000000000004 -0.57735026918962573
      -1 0.57735026918962618
    irregular "Girih" 0 1.3500000000000001 1
    polygon 4
      -1.000000000000002 -3.9021779578338753
      -2.137158042603259 -3.7016663135932948
      -2.8793852415718169 -4.9872415329663715
      -1.3949308436347019 -4.9872415329663751
    irregular "Girih" 0 1.25 1
    polygon 6
      -7.2589913465701203e-16 3.3248276886442483
      0.39493084363469821 2.2397641135117494
      1.7422271989685585 1.4619022000815429
      2.8793852415718142 1.6624138443221237
      2.4844543979371161 2.7474774194546216
      1.1371580426032561 3.5253393328848279
    irregular "Girih" 0 1.6299999999999999 1
    regular 9
    star 9 2.4996999999999998 2
    regular 6
    star 6 1.6665000000000001 2
  filled false true
  color 153 0 0 255
  mosaic "9.6 Losange" 5
    polygon 4
      -2.1371580426032573 0.77786191343020672
      -2.137158042603259 -0.77786191343020739
      -1.0000000000000004 -0.57735026918962573
      -1 0.57735026918962618
    irregular "Girih" 0 1.3500000000000001 1
    polygon 4
      -1.000000000000002 -3.9021779578338753
      -2.137158042603259 -3.7016663135932948
      -2.8793852415718169 -4.9872415329663715
      -1.3949308436347019 -4.9872415329663751
    irregular "Girih" 0 1.25 1
    polygon 6
      -7.2589913465701203e-16 3.3248276886442483
      0.39493084363469821 2.2397641135117494
      1.7422271989685585 1.4619022000815429
      2.8793852415718142 1.6624138443221237
      2.4844543979371161 2.7474774194546216
      1.1371580426032561 3.5253393328848279
    irregular "Girih" 0 1.6299999999999999 1
    regular 9
    star 9 2.4996999999999998 2
    regular 6
    star 6 1.6665000000000001 2
