movable-join-layers  5
  interlace 0.059999999999999998 0.050000000000000003
  thick 0.050000000000000003 0 miter
  color 255 255 255 255
  mosaic "9.6 ~5" 3
    polygon 5
      -3.8793852415718186 5.5645918021560021
      -3.4844543979371179 4.4795282270235015
      -2.5862568277145472 4.4795282270234997
      -2.1371580426032608 5.2573901404537091
      -2.8793852415718186 6.1419420713456274
    irregular "Girih" 0 1.8800000000000001 1
    regular 9
    rosette 9 0 3
    regular 6
    rosette 6 0 3
  position 87.692329721799794 0 0 0 87.692329721799794 0
  interlace 0.059999999999999998 0.050000000000000003
  thick 0.050000000000000003 0 miter
  color 255 255 255 255
  mosaic "9.6 ~5" 3
    polygon 5
      -3.8793852415718186 5.5645918021560021
      -3.4844543979371179 4.4795282270235015
      -2.5862568277145472 4.4795282270234997
      -2.1371580426032608 5.2573901404537091
      -2.8793852415718186 6.1419420713456274
    irregular "Girih" 0 1.8800000000000001 1
    regular 9
    rosette 9 0 3
    regular 6
    rosette 6 0 3
  position 87.692329721799794 0 0 0 87.692329721799794 0
  thick 0.070000000000000007 0 miter
  color 153 153 153 255
  mosaic "9.6 ~5" 3
    polygon 5
      -3.8793852415718186 5.5645918021560021
      -3.4844543979371179 4.4795282270235015
      -2.5862568277145472 4.4795282270234997
      -2.1371580426032608 5.2573901404537091
      -2.8793852415718186 6.1419420713456274
    irregular "Girih" 0 1.8800000000000001 1
    regular 9
    rosette 9 0 3
    regular 6
    rosette 6 0 3
  position 87.692329721799794 0 0 0 87.692329721799794 0
  filled true false
  color 0 204 204 255
  mosaic "9.6 ~5" 3
    polygon 5
      -3.8793852415718186 5.5645918021560021
      -3.4844543979371179 4.4795282270235015
      -2.5862568277145472 4.4795282270234997
      -2.1371580426032608 5.2573901404537091
      -2.8793852415718186 6.1419420713456274
    irregular "Girih" 0 1.8800000000000001 1
    regular 9
    rosette 9 0 3
    regular 6
    rosette 6 0 3
  position 87.692329721799794 0 0 0 87.692329721799794 0
  filled false true
  color 51 204 255 255
  mosaic "9.6 ~5" 3
    polygon 5
      -3.8793852415718186 5.5645918021560021
      -3.4844543979371179 4.4795282270235015
      -2.5862568277145472 4.4795282270234997
      -2.1371580426032608 5.2573901404537091
      -2.8793852415718186 6.1419420713456274
    irregular "Girih" 0 1.8800000000000001 1
    regular 9
    rosette 9 0 3
    regular 6
    rosette 6 0 3
  position 87.692329721799794 0 0 0 87.692329721799794 0
