layers 4

  thick 0.027197265625 0.0
  color 255 255 255 255

  mosaic "Al-Mustansiriyya" 3

    regular 10

    star 10 3.0 2


    polygon 6
      2.000000000000001 1.0514622242382674
      1.3819660112501062 0.8506508083520397
      0.9999999999999998 0.32491969623290634
      1.0 -0.3249196962329064
      1.6180339887498947 -0.12410828034667876
      2.000000000000001 0.4016228317724545

    explicit 


    polygon 6
      0.381966011250106 1.5771933363574004
      2.220446049250313E-16 1.051462224238267
      0.6180339887498948 0.85065080835204
      0.9999999999999998 0.32491969623290634
      1.3819660112501062 0.8506508083520397
      0.7639320225002111 1.051462224238267

    explicit 


  thick 0.05048828125 0.0
  color 0 0 0 255

  mosaic "Al-Mustansiriyya" 3

    regular 10

    star 10 3.0 2


    polygon 6
      2.000000000000001 1.0514622242382674
      1.3819660112501062 0.8506508083520397
      0.9999999999999998 0.32491969623290634
      1.0 -0.3249196962329064
      1.6180339887498947 -0.12410828034667876
      2.000000000000001 0.4016228317724545

    explicit 


    polygon 6
      0.381966011250106 1.5771933363574004
      2.220446049250313E-16 1.051462224238267
      0.6180339887498948 0.85065080835204
      0.9999999999999998 0.32491969623290634
      1.3819660112501062 0.8506508083520397
      0.7639320225002111 1.051462224238267

    explicit 


  filled true false
  color 0 102 153 255

  mosaic "Al-Mustansiriyya" 3

    regular 10

    star 10 3.0 2


    polygon 6
      2.000000000000001 1.0514622242382674
      1.3819660112501062 0.8506508083520397
      0.9999999999999998 0.32491969623290634
      1.0 -0.3249196962329064
      1.6180339887498947 -0.12410828034667876
      2.000000000000001 0.4016228317724545

    explicit 


    polygon 6
      0.381966011250106 1.5771933363574004
      2.220446049250313E-16 1.051462224238267
      0.6180339887498948 0.85065080835204
      0.9999999999999998 0.32491969623290634
      1.3819660112501062 0.8506508083520397
      0.7639320225002111 1.051462224238267

    explicit 


  filled false true
  color 20 150 210 255

  mosaic "Al-Mustansiriyya" 3

    regular 10

    star 10 3.0 2


    polygon 6
      2.000000000000001 1.0514622242382674
      1.3819660112501062 0.8506508083520397
      0.9999999999999998 0.32491969623290634
      1.0 -0.3249196962329064
      1.6180339887498947 -0.12410828034667876
      2.000000000000001 0.4016228317724545

    explicit 


    polygon 6
      0.381966011250106 1.5771933363574004
      2.220446049250313E-16 1.051462224238267
      0.6180339887498948 0.85065080835204
      0.9999999999999998 0.32491969623290634
      1.3819660112501062 0.8506508083520397
      0.7639320225002111 1.051462224238267

    explicit 


