layers 3

  plain 
  color 255 255 255 255

  mosaic "9.6 Losange" 5

    polygon 4
      -1.000000000000002 -3.9021779578338753
      -2.137158042603259 -3.701666313593295
      -2.879385241571817 -4.9872415329663715
      -1.3949308436347019 -4.987241532966375

    explicit 


    polygon 4
      -2.1371580426032573 0.7778619134302067
      -2.137158042603259 -0.7778619134302074
      -1.0000000000000004 -0.5773502691896257
      -1.0 0.5773502691896262

    explicit 


    polygon 6
      -7.25899134657012E-16 3.3248276886442483
      0.3949308436346982 2.2397641135117494
      1.7422271989685585 1.461902200081543
      2.879385241571814 1.6624138443221237
      2.484454397937116 2.7474774194546216
      1.1371580426032561 3.525339332884828

    explicit 


    regular 6

    rosette 6 0.0 2


    regular 9

    rosette 9 0.0 3


  filled false true
  color 0 102 153 255

  mosaic "9.6 Losange" 5

    polygon 4
      -1.000000000000002 -3.9021779578338753
      -2.137158042603259 -3.701666313593295
      -2.879385241571817 -4.9872415329663715
      -1.3949308436347019 -4.987241532966375

    explicit 


    polygon 4
      -2.1371580426032573 0.7778619134302067
      -2.137158042603259 -0.7778619134302074
      -1.0000000000000004 -0.5773502691896257
      -1.0 0.5773502691896262

    explicit 


    polygon 6
      -7.25899134657012E-16 3.3248276886442483
      0.3949308436346982 2.2397641135117494
      1.7422271989685585 1.461902200081543
      2.879385241571814 1.6624138443221237
      2.484454397937116 2.7474774194546216
      1.1371580426032561 3.525339332884828

    explicit 


    regular 6

    rosette 6 0.0 2


    regular 9

    rosette 9 0.0 3


  filled true false
  color 20 150 210 255

  mosaic "9.6 Losange" 5

    polygon 4
      -1.000000000000002 -3.9021779578338753
      -2.137158042603259 -3.701666313593295
      -2.879385241571817 -4.9872415329663715
      -1.3949308436347019 -4.987241532966375

    explicit 


    polygon 4
      -2.1371580426032573 0.7778619134302067
      -2.137158042603259 -0.7778619134302074
      -1.0000000000000004 -0.5773502691896257
      -1.0 0.5773502691896262

    explicit 


    polygon 6
      -7.25899134657012E-16 3.3248276886442483
      0.3949308436346982 2.2397641135117494
      1.7422271989685585 1.461902200081543
      2.879385241571814 1.6624138443221237
      2.484454397937116 2.7474774194546216
      1.1371580426032561 3.525339332884828

    explicit 


    regular 6

    rosette 6 0.0 2


    regular 9

    rosette 9 0.0 3


