layers 4
  interlace 0 0.034960937500000004
  thick 0.050000000000000003 0.01
  color 255 204 102 255
  mosaic "Al-Mustansiriyya" 3
    polygon 6
      0.38196601125010599 1.5771933363574004
      2.2204460492503131e-16 1.051462224238267
      0.61803398874989479 0.85065080835203999
      0.99999999999999978 0.32491969623290634
      1.3819660112501062 0.85065080835203966
      0.76393202250021108 1.051462224238267
    irregular "Intersect" 0 1.3799999999999997 2
    regular 10
    star 10 2.9500000000000002 2
    polygon 6
      2.0000000000000009 1.0514622242382674
      1.3819660112501062 0.85065080835203966
      0.99999999999999978 0.32491969623290634
      1 -0.3249196962329064
      1.6180339887498947 -0.12410828034667876
      2.0000000000000009 0.4016228317724545
    irregular "Star" 0 2.1200000000000001 1
  outline
  thick 0.12041015625000001 0.024082031250000004
  color 255 255 255 255
  mosaic "Al-Mustansiriyya" 3
    polygon 6
      0.38196601125010599 1.5771933363574004
      2.2204460492503131e-16 1.051462224238267
      0.61803398874989479 0.85065080835203999
      0.99999999999999978 0.32491969623290634
      1.3819660112501062 0.85065080835203966
      0.76393202250021108 1.051462224238267
    irregular "Intersect" 0 1.3799999999999997 2
    regular 10
    star 10 2.9500000000000002 2
    polygon 6
      2.0000000000000009 1.0514622242382674
      1.3819660112501062 0.85065080835203966
      0.99999999999999978 0.32491969623290634
      1 -0.3249196962329064
      1.6180339887498947 -0.12410828034667876
      2.0000000000000009 0.4016228317724545
    irregular "Star" 0 2.1200000000000001 1
  filled true false
  color 20 150 210 255
  mosaic "Al-Mustansiriyya" 3
    polygon 6
      0.38196601125010599 1.5771933363574004
      2.2204460492503131e-16 1.051462224238267
      0.61803398874989479 0.85065080835203999
      0.99999999999999978 0.32491969623290634
      1.3819660112501062 0.85065080835203966
      0.76393202250021108 1.051462224238267
    irregular "Intersect" 0 1.3799999999999997 2
    regular 10
    star 10 2.9500000000000002 2
    polygon 6
      2.0000000000000009 1.0514622242382674
      1.3819660112501062 0.85065080835203966
      0.99999999999999978 0.32491969623290634
      1 -0.3249196962329064
      1.6180339887498947 -0.12410828034667876
      2.0000000000000009 0.4016228317724545
    irregular "Star" 0 2.1200000000000001 1
  filled false true
  color 219 217 212 255
  mosaic "Al-Mustansiriyya" 3
    polygon 6
      0.38196601125010599 1.5771933363574004
      2.2204460492503131e-16 1.051462224238267
      0.61803398874989479 0.85065080835203999
      0.99999999999999978 0.32491969623290634
      1.3819660112501062 0.85065080835203966
      0.76393202250021108 1.051462224238267
    irregular "Intersect" 0 1.3799999999999997 2
    regular 10
    star 10 2.9500000000000002 2
    polygon 6
      2.0000000000000009 1.0514622242382674
      1.3819660112501062 0.85065080835203966
      0.99999999999999978 0.32491969623290634
      1 -0.3249196962329064
      1.6180339887498947 -0.12410828034667876
      2.0000000000000009 0.4016228317724545
    irregular "Star" 0 2.1200000000000001 1
