layers 5

  interlace 0.03 0.0
  thick 0.07 0.0
  color 255 255 255 255

  mosaic "Seville Alcazar 12.8.6" 5

    regular 8

    extended 0.5068747329283905 8 8 2


    regular 12

    extended 0.7886751345948129 12 12 3


    polygon 6
      4.5485473884966 -3.56891410075235
      4.5485473884965995 -4.723614639131604
      5.0661854787016445 -5.0224731298542915
      6.181540550352052 -4.723614639131609
      6.181540550352054 -3.5689141007523597
      5.066185478701646 -3.2700556100296634

    explicit 


    polygon 4
      1.816496580927724 -1.3938468501173504
      1.8164965809277234 -1.9915638315627247
      2.971197119306975 -1.9915638315627247
      2.9711971193069755 -1.3938468501173507

    explicit 


    regular 6

    star 6 2.0 2


  interlace 0.03 0.0
  thick 0.07 0.0
  color 255 255 255 255

  mosaic "Seville Alcazar 12.8.6" 5

    regular 8

    extended 0.5068747329283905 8 8 2


    regular 12

    extended 0.7886751345948129 12 12 3


    polygon 6
      4.5485473884966 -3.56891410075235
      4.5485473884965995 -4.723614639131604
      5.0661854787016445 -5.0224731298542915
      6.181540550352052 -4.723614639131609
      6.181540550352054 -3.5689141007523597
      5.066185478701646 -3.2700556100296634

    explicit 


    polygon 4
      1.816496580927724 -1.3938468501173504
      1.8164965809277234 -1.9915638315627247
      2.971197119306975 -1.9915638315627247
      2.9711971193069755 -1.3938468501173507

    explicit 


    regular 6

    star 6 2.0 2


  outline 
  thick 0.1 0.0
  color 153 153 153 255

  mosaic "Seville Alcazar 12.8.6" 5

    regular 8

    extended 0.5068747329283905 8 8 2


    regular 12

    extended 0.7886751345948129 12 12 3


    polygon 6
      4.5485473884966 -3.56891410075235
      4.5485473884965995 -4.723614639131604
      5.0661854787016445 -5.0224731298542915
      6.181540550352052 -4.723614639131609
      6.181540550352054 -3.5689141007523597
      5.066185478701646 -3.2700556100296634

    explicit 


    polygon 4
      1.816496580927724 -1.3938468501173504
      1.8164965809277234 -1.9915638315627247
      2.971197119306975 -1.9915638315627247
      2.9711971193069755 -1.3938468501173507

    explicit 


    regular 6

    star 6 2.0 2


  filled false true
  color 0 153 204 255

  mosaic "Seville Alcazar 12.8.6" 5

    regular 8

    extended 0.5068747329283905 8 8 2


    regular 12

    extended 0.7886751345948129 12 12 3


    polygon 6
      4.5485473884966 -3.56891410075235
      4.5485473884965995 -4.723614639131604
      5.0661854787016445 -5.0224731298542915
      6.181540550352052 -4.723614639131609
      6.181540550352054 -3.5689141007523597
      5.066185478701646 -3.2700556100296634

    explicit 


    polygon 4
      1.816496580927724 -1.3938468501173504
      1.8164965809277234 -1.9915638315627247
      2.971197119306975 -1.9915638315627247
      2.9711971193069755 -1.3938468501173507

    explicit 


    regular 6

    star 6 2.0 2


  filled true false
  color 0 0 0 255

  mosaic "Seville Alcazar 12.8.6" 5

    regular 8

    extended 0.5068747329283905 8 8 2


    regular 12

    extended 0.7886751345948129 12 12 3


    polygon 6
      4.5485473884966 -3.56891410075235
      4.5485473884965995 -4.723614639131604
      5.0661854787016445 -5.0224731298542915
      6.181540550352052 -4.723614639131609
      6.181540550352054 -3.5689141007523597
      5.066185478701646 -3.2700556100296634

    explicit 


    polygon 4
      1.816496580927724 -1.3938468501173504
      1.8164965809277234 -1.9915638315627247
      2.971197119306975 -1.9915638315627247
      2.9711971193069755 -1.3938468501173507

    explicit 


    regular 6

    star 6 2.0 2


