layers 2

  thick 0.17144 0.0
  color 255 255 255 255

  mosaic "Angel" 3

    regular 3

    explicit 


    polygon 6
      1.243092481911836 3.6159837944915116
      1.243092481911815 -0.13451610748692389
      1.2430924819117772 -3.885016009465356
      4.491120673916168 -2.009766058476168
      7.739148865920569 -0.1345161074869955
      4.4911206739161456 1.740733843502291

    explicit 


    polygon 5
      -2.000000000000016 -1.1546319456101628E-14
      -5.248028192004393 -1.875249950989227
      -3.165352128002924 -5.482550709547317
      0.9999999999999954 -5.48255070954732
      0.9999999999999976 -1.7320508075688785

    explicit 


  thick 0.2198 0.0
  color 20 150 210 255

  mosaic "Angel" 3

    regular 3

    explicit 


    polygon 6
      1.243092481911836 3.6159837944915116
      1.243092481911815 -0.13451610748692389
      1.2430924819117772 -3.885016009465356
      4.491120673916168 -2.009766058476168
      7.739148865920569 -0.1345161074869955
      4.4911206739161456 1.740733843502291

    explicit 


    polygon 5
      -2.000000000000016 -1.1546319456101628E-14
      -5.248028192004393 -1.875249950989227
      -3.165352128002924 -5.482550709547317
      0.9999999999999954 -5.48255070954732
      0.9999999999999976 -1.7320508075688785

    explicit 


