layers 1
  filled true false
  color 20 150 210 255
  mosaic "Almost" 4
    polygon 4
      -4.6711496434570972 -6.4815484475822513
      -5.0531156547071987 -7.0072795597013808
      -4.4350816659573074 -6.806468143815156
      -4.0531156547072031 -6.2807370316960229
    irregular "Girih" 0 0.77000000000000002 1
    polygon 6
      -3.4350816659573087 -4.7802468308781627
      -3.4350816659573091 -5.4300862233439844
      -3.0531156547072036 -5.9558173354631174
      -2.4350816659573113 -6.1566287513493458
      -2.4350816659573078 -5.5067893588835313
      -2.8170476772074124 -4.9810582467643947
    irregular "Girih" 0 1.9199999999999999 1
    polygon 4
      0 1.7013016167040798
      5.5511151231257827e-17 1.051462224238267
      0.61803398874989468 0.85065080835203988
      0.6180339887498949 1.5004902008178527
    irregular "Girih" 0 1.3500000000000001 1
    regular 5
    star 5 1.4999 2
