layers 3
  plain
  color 255 255 255 255
  mosaic "4.5" 3
    regular 4
    irregular "Girih" 0 1.5299999999999994 1
    polygon 5
      0.99999999999999944 1
      0.99999999999999911 -0.99999999999999989
      2.9021130325903055 -1.6180339887498945
      4.5201470213402004 1.7208456881689926e-15
      2.9021130325903046 1.6180339887498938
    irregular "Girih" 0 2.3300000000000001 1
    polygon 4
      1.6180339887498933 2.902113032590306
      0.99999999999999978 0.99999999999999978
      2.902113032590306 1.6180339887498949
      3.5201470213402 3.5201470213402013
    irregular "Girih" 0 1.5299999999999998 1
  thick 0.14999999999999999 0
  color 20 150 210 255
  mosaic "4.5" 3
    regular 4
    irregular "Girih" 0 1.5299999999999994 1
    polygon 5
      0.99999999999999944 1
      0.99999999999999911 -0.99999999999999989
      2.9021130325903055 -1.6180339887498945
      4.5201470213402004 1.7208456881689926e-15
      2.9021130325903046 1.6180339887498938
    irregular "Girih" 0 2.3300000000000001 1
    polygon 4
      1.6180339887498933 2.902113032590306
      0.99999999999999978 0.99999999999999978
      2.902113032590306 1.6180339887498949
      3.5201470213402 3.5201470213402013
    irregular "Girih" 0 1.5299999999999998 1
  filled true false
  color 20 150 210 255
  mosaic "4.5" 3
    regular 4
    irregular "Girih" 0 1.5299999999999994 1
    polygon 5
      0.99999999999999944 1
      0.99999999999999911 -0.99999999999999989
      2.9021130325903055 -1.6180339887498945
      4.5201470213402004 1.7208456881689926e-15
      2.9021130325903046 1.6180339887498938
    irregular "Girih" 0 2.3300000000000001 1
    polygon 4
      1.6180339887498933 2.902113032590306
      0.99999999999999978 0.99999999999999978
      2.902113032590306 1.6180339887498949
      3.5201470213402 3.5201470213402013
    irregular "Girih" 0 1.5299999999999998 1
