movable-join-layers  3
  interlace 0.01 0.050000000000000003
  thick 0.040000000000000001 0 round
  color 0 0 0 255
  mosaic "16.8-pbn" 3
    polygon 3
      -0.027970709789770343 -0.79467978121494998
      0.12427022518765629 -1.1622219111858134
      0.2765111601650827 -0.79467978121495042
    irregular "Star" 0 1 1
    polygon 8
      -0.027970709789770343 -0.79467978121494998
      0.2765111601650827 -0.79467978121495042
      0.55781572783713507 -0.51337521354289806
      0.55781572783713518 -0.20889334358804545
      0.27651116016508281 0.072411224084006798
      -0.027970709789770787 0.072411224084006798
      -0.30927527746182282 -0.20889334358804534
      -0.30927527746182215 -0.51337521354289795
    irregular "Star" 0 2 1
    regular 16
    star 16 4.0700000000000003 2
  position 207.51615264649479 0 0 0 207.51615264649479 0
  thick 0.11 0 miter
  color 255 255 255 255
  mosaic "16.8-pbn" 3
    polygon 3
      -0.027970709789770343 -0.79467978121494998
      0.12427022518765629 -1.1622219111858134
      0.2765111601650827 -0.79467978121495042
    irregular "Star" 0 1 1
    polygon 8
      -0.027970709789770343 -0.79467978121494998
      0.2765111601650827 -0.79467978121495042
      0.55781572783713507 -0.51337521354289806
      0.55781572783713518 -0.20889334358804545
      0.27651116016508281 0.072411224084006798
      -0.027970709789770787 0.072411224084006798
      -0.30927527746182282 -0.20889334358804534
      -0.30927527746182215 -0.51337521354289795
    irregular "Star" 0 2 1
    regular 16
    star 16 4.0700000000000003 2
  position 207.51615264649479 0 0 0 207.51615264649479 0
  outline
  thick 0.12 0 round
  color 0 0 0 255
  mosaic "16.8-pbn" 3
    polygon 3
      -0.027970709789770343 -0.79467978121494998
      0.12427022518765629 -1.1622219111858134
      0.2765111601650827 -0.79467978121495042
    irregular "Star" 0 1 1
    polygon 8
      -0.027970709789770343 -0.79467978121494998
      0.2765111601650827 -0.79467978121495042
      0.55781572783713507 -0.51337521354289806
      0.55781572783713518 -0.20889334358804545
      0.27651116016508281 0.072411224084006798
      -0.027970709789770787 0.072411224084006798
      -0.30927527746182282 -0.20889334358804534
      -0.30927527746182215 -0.51337521354289795
    irregular "Star" 0 2 1
    regular 16
    star 16 4.0700000000000003 2
  position 207.51615264649479 0 0 0 207.51615264649479 0
