layers 3
  thick 0.029999999999999999 0.0060000000000000001
  color 255 255 255 255
  mosaic "9.5.3.6" 5
    polygon 3
      -2.376205458551365 -1.7600437436895509
      -1.9483327866011453 -2.3489599536255272
      -1.6522527240712483 -1.8361342422155817
    irregular "Girih" 0 2.5 1
    polygon 5
      -0.33613986453133937 1.7600437436895535
      -0.18479253090409531 1.0480105209175394
      0.53208888623795614 0.92160498510687616
      0.82408377530339583 1.4273549685186544
      0.35617266154135208 1.9849897193593282
    irregular "Rosette" 0 0.28999999999999998 2
    regular 9
    rosette 9 0 3
    regular 6
    rosette 6 0 3
    regular 5
    rosette 5 0 3
  filled false true
  color 204 255 153 255
  mosaic "9.5.3.6" 5
    polygon 3
      -2.376205458551365 -1.7600437436895509
      -1.9483327866011453 -2.3489599536255272
      -1.6522527240712483 -1.8361342422155817
    irregular "Girih" 0 2.5 1
    polygon 5
      -0.33613986453133937 1.7600437436895535
      -0.18479253090409531 1.0480105209175394
      0.53208888623795614 0.92160498510687616
      0.82408377530339583 1.4273549685186544
      0.35617266154135208 1.9849897193593282
    irregular "Rosette" 0 0.28999999999999998 2
    regular 9
    rosette 9 0 3
    regular 6
    rosette 6 0 3
    regular 5
    rosette 5 0 3
  filled true false
  color 255 204 204 255
  mosaic "9.5.3.6" 5
    polygon 3
      -2.376205458551365 -1.7600437436895509
      -1.9483327866011453 -2.3489599536255272
      -1.6522527240712483 -1.8361342422155817
    irregular "Girih" 0 2.5 1
    polygon 5
      -0.33613986453133937 1.7600437436895535
      -0.18479253090409531 1.0480105209175394
      0.53208888623795614 0.92160498510687616
      0.82408377530339583 1.4273549685186544
      0.35617266154135208 1.9849897193593282
    irregular "Rosette" 0 0.28999999999999998 2
    regular 9
    rosette 9 0 3
    regular 6
    rosette 6 0 3
    regular 5
    rosette 5 0 3
