layers 4
  plain
  color 133 95 58 255
  mosaic "Seville Alcazar 12.8.6" 5
    regular 12
    extended
    0 12 0.33000000000000002 4
    regular 8
    extended
    0 8 0.33000000000000002 2
    regular 6
    extended
    0 6 0.33000000000000002 2
    polygon 4
      1.816496580927724 -1.3938468501173504
      1.8164965809277234 -1.9915638315627247
      2.9711971193069751 -1.9915638315627247
      2.9711971193069755 -1.3938468501173507
    irregular "Girih" 0 0.59999999999999998 1
    polygon 6
      4.5485473884966003 -3.5689141007523499
      4.5485473884965995 -4.7236146391316041
      5.0661854787016445 -5.0224731298542915
      6.181540550352052 -4.7236146391316094
      6.1815405503520537 -3.5689141007523597
      5.0661854787016463 -3.2700556100296634
    irregular "Girih" 0 2.4399999999999991 1
  thick 0.15625 0
  color 240 214 203 255
  mosaic "Seville Alcazar 12.8.6" 5
    regular 12
    extended
    0 12 0.33000000000000002 4
    regular 8
    extended
    0 8 0.33000000000000002 2
    regular 6
    extended
    0 6 0.33000000000000002 2
    polygon 4
      1.816496580927724 -1.3938468501173504
      1.8164965809277234 -1.9915638315627247
      2.9711971193069751 -1.9915638315627247
      2.9711971193069755 -1.3938468501173507
    irregular "Girih" 0 0.59999999999999998 1
    polygon 6
      4.5485473884966003 -3.5689141007523499
      4.5485473884965995 -4.7236146391316041
      5.0661854787016445 -5.0224731298542915
      6.181540550352052 -4.7236146391316094
      6.1815405503520537 -3.5689141007523597
      5.0661854787016463 -3.2700556100296634
    irregular "Girih" 0 2.4399999999999991 1
  filled true false
  color 153 51 0 255
  mosaic "Seville Alcazar 12.8.6" 5
    regular 12
    extended
    0 12 0.33000000000000002 4
    regular 8
    extended
    0 8 0.33000000000000002 2
    regular 6
    extended
    0 6 0.33000000000000002 2
    polygon 4
      1.816496580927724 -1.3938468501173504
      1.8164965809277234 -1.9915638315627247
      2.9711971193069751 -1.9915638315627247
      2.9711971193069755 -1.3938468501173507
    irregular "Girih" 0 0.59999999999999998 1
    polygon 6
      4.5485473884966003 -3.5689141007523499
      4.5485473884965995 -4.7236146391316041
      5.0661854787016445 -5.0224731298542915
      6.181540550352052 -4.7236146391316094
      6.1815405503520537 -3.5689141007523597
      5.0661854787016463 -3.2700556100296634
    irregular "Girih" 0 2.4399999999999991 1
  filled false true
  color 255 204 204 255
  mosaic "Seville Alcazar 12.8.6" 5
    regular 12
    extended
    0 12 0.33000000000000002 4
    regular 8
    extended
    0 8 0.33000000000000002 2
    regular 6
    extended
    0 6 0.33000000000000002 2
    polygon 4
      1.816496580927724 -1.3938468501173504
      1.8164965809277234 -1.9915638315627247
      2.9711971193069751 -1.9915638315627247
      2.9711971193069755 -1.3938468501173507
    irregular "Girih" 0 0.59999999999999998 1
    polygon 6
      4.5485473884966003 -3.5689141007523499
      4.5485473884965995 -4.7236146391316041
      5.0661854787016445 -5.0224731298542915
      6.181540550352052 -4.7236146391316094
      6.1815405503520537 -3.5689141007523597
      5.0661854787016463 -3.2700556100296634
    irregular "Girih" 0 2.4399999999999991 1
