layers 2

  thick 0.02152 0.0
  color 255 255 255 255

  mosaic "Chikipoo" 5

    polygon 6
      0.9999999999999998 0.3249196962329062
      0.9999999999999998 -0.3249196962329064
      1.6180339887498947 -0.12410828034667931
      2.2360679774997894 -0.3249196962329066
      2.2360679774997894 0.3249196962329056
      1.6180339887498947 0.12410828034667865

    explicit 


    polygon 6
      -5.538740750896915 -3.6677954003144992
      -5.15677473964681 -4.1935265124336345
      -4.920706762147018 -4.920069040438995
      -4.6846387846472295 -4.193526512433632
      -4.302672773397126 -3.6677954003144992
      -4.920706762147021 -3.466983984428272

    explicit 


    polygon 5
      -5.15677473964681 -4.1935265124336345
      -5.774808728396704 -4.394337928319862
      -6.15677473964681 -4.920069040438995
      -5.538740750896914 -5.120880456325222
      -4.920706762147018 -4.920069040438995

    explicit 


    polygon 6
      2.618033988749895 0.8506508083520394
      2.2360679774997894 0.3249196962329056
      2.2360679774997894 -0.3249196962329066
      2.6180339887498945 -0.8506508083520405
      3.0 -0.3249196962329066
      3.0 0.3249196962329055

    explicit 


    regular 10

    star 10 3.0 2


  thick 0.07312 0.0
  color 20 150 210 255

  mosaic "Chikipoo" 5

    polygon 6
      0.9999999999999998 0.3249196962329062
      0.9999999999999998 -0.3249196962329064
      1.6180339887498947 -0.12410828034667931
      2.2360679774997894 -0.3249196962329066
      2.2360679774997894 0.3249196962329056
      1.6180339887498947 0.12410828034667865

    explicit 


    polygon 6
      -5.538740750896915 -3.6677954003144992
      -5.15677473964681 -4.1935265124336345
      -4.920706762147018 -4.920069040438995
      -4.6846387846472295 -4.193526512433632
      -4.302672773397126 -3.6677954003144992
      -4.920706762147021 -3.466983984428272

    explicit 


    polygon 5
      -5.15677473964681 -4.1935265124336345
      -5.774808728396704 -4.394337928319862
      -6.15677473964681 -4.920069040438995
      -5.538740750896914 -5.120880456325222
      -4.920706762147018 -4.920069040438995

    explicit 


    polygon 6
      2.618033988749895 0.8506508083520394
      2.2360679774997894 0.3249196962329056
      2.2360679774997894 -0.3249196962329066
      2.6180339887498945 -0.8506508083520405
      3.0 -0.3249196962329066
      3.0 0.3249196962329055

    explicit 


    regular 10

    star 10 3.0 2


