layers 4

  interlace 0.0 0.10752
  thick 0.24516000000000002 0.049032000000000006
  color 255 255 255 139

  mosaic "6 Losange" 2

    polygon 4
      -2.931851652578139 1.5176380902050381
      -1.0000000000000004 0.9999999999999982
      -1.5176380902050426 2.931851652578133
      -3.4494897427831797 3.4494897427831797

    explicit 


    polygon 6
      0.9999999999999996 1.0000000000000004
      4.440892098500626E-16 0.0
      1.0000000000000004 -1.0
      2.931851652578139 -1.5176380902050428
      4.449489742783177 -8.881784197001252E-16
      2.9318516525781346 1.5176380902050415

    explicit 


  sketch 
  plain 
  color 204 0 51 100

  mosaic "6 Losange" 2

    polygon 4
      -2.931851652578139 1.5176380902050381
      -1.0000000000000004 0.9999999999999982
      -1.5176380902050426 2.931851652578133
      -3.4494897427831797 3.4494897427831797

    explicit 


    polygon 6
      0.9999999999999996 1.0000000000000004
      4.440892098500626E-16 0.0
      1.0000000000000004 -1.0
      2.931851652578139 -1.5176380902050428
      4.449489742783177 -8.881784197001252E-16
      2.9318516525781346 1.5176380902050415

    explicit 


  interlace 0.0 0.10752
  thick 0.24516000000000002 0.049032000000000006
  color 255 255 255 255

  mosaic "6 Losange" 2

    polygon 4
      -2.931851652578139 1.5176380902050381
      -1.0000000000000004 0.9999999999999982
      -1.5176380902050426 2.931851652578133
      -3.4494897427831797 3.4494897427831797

    explicit 


    polygon 6
      0.9999999999999996 1.0000000000000004
      4.440892098500626E-16 0.0
      1.0000000000000004 -1.0
      2.931851652578139 -1.5176380902050428
      4.449489742783177 -8.881784197001252E-16
      2.9318516525781346 1.5176380902050415

    explicit 


  filled true false
  color 0 0 0 255

  mosaic "6 Losange" 2

    polygon 4
      -2.931851652578139 1.5176380902050381
      -1.0000000000000004 0.9999999999999982
      -1.5176380902050426 2.931851652578133
      -3.4494897427831797 3.4494897427831797

    explicit 


    polygon 6
      0.9999999999999996 1.0000000000000004
      4.440892098500626E-16 0.0
      1.0000000000000004 -1.0
      2.931851652578139 -1.5176380902050428
      4.449489742783177 -8.881784197001252E-16
      2.9318516525781346 1.5176380902050415

    explicit 


