layers 4

  thick 0.0390625 0.0078125
  color 153 102 0 255

  mosaic "8-6-5" 4

    regular 8

    star 8 2.6666666666666665 1


    regular 6

    star 6 1.7578125 2


    polygon 8
      -0.15400717293728017 2.4288254347276723
      -0.628626279736931 1.8001991549907412
      1.6653345369377348E-16 2.27481826179039
      0.6286262797369306 1.8001991549907403
      0.1540071729372806 2.4288254347276705
      0.6286262797369295 3.057451714464602
      7.54927596028038E-16 2.5828326076649537
      -0.6286262797369311 3.057451714464604

    explicit 


    regular 5

    star 5 1.65625 2


  thick 0.125 0.025
  color 255 255 255 255

  mosaic "8-6-5" 4

    regular 8

    star 8 2.6666666666666665 1


    regular 6

    star 6 1.7578125 2


    polygon 8
      -0.15400717293728017 2.4288254347276723
      -0.628626279736931 1.8001991549907412
      1.6653345369377348E-16 2.27481826179039
      0.6286262797369306 1.8001991549907403
      0.1540071729372806 2.4288254347276705
      0.6286262797369295 3.057451714464602
      7.54927596028038E-16 2.5828326076649537
      -0.6286262797369311 3.057451714464604

    explicit 


    regular 5

    star 5 1.65625 2


  thick 0.20468750000000002 0.0409375
  color 209 152 39 255

  mosaic "8-6-5" 4

    regular 8

    star 8 2.6666666666666665 1


    regular 6

    star 6 1.7578125 2


    polygon 8
      -0.15400717293728017 2.4288254347276723
      -0.628626279736931 1.8001991549907412
      1.6653345369377348E-16 2.27481826179039
      0.6286262797369306 1.8001991549907403
      0.1540071729372806 2.4288254347276705
      0.6286262797369295 3.057451714464602
      7.54927596028038E-16 2.5828326076649537
      -0.6286262797369311 3.057451714464604

    explicit 


    regular 5

    star 5 1.65625 2


  filled true true
  color 255 204 51 255

  mosaic "8-6-5" 4

    regular 8

    star 8 2.6666666666666665 1


    regular 6

    star 6 1.7578125 2


    polygon 8
      -0.15400717293728017 2.4288254347276723
      -0.628626279736931 1.8001991549907412
      1.6653345369377348E-16 2.27481826179039
      0.6286262797369306 1.8001991549907403
      0.1540071729372806 2.4288254347276705
      0.6286262797369295 3.057451714464602
      7.54927596028038E-16 2.5828326076649537
      -0.6286262797369311 3.057451714464604

    explicit 


    regular 5

    star 5 1.65625 2


