layers 6
  plain
  color 0 0 0 255
  mosaic "Penrose Monster" 2
    polygon 4
      -2.5776499530082702 1.0102530832255956
      -0.95961596425838336 -0.16531742135935046
      1.0403840357416181 -0.1653174213593509
      -0.57764995300829236 1.0102530832255763
    irregular "Girih" 0 1.3500000000000001 1
    polygon 4
      2.6584180244914819 1.0102530832255834
      1.0403840357415874 -0.16531742135936911
      1.6584180244914921 -2.0674304539496662
      3.2764520132413408 -0.89185994936472279
    irregular "Girih" 0 1.25 1
  thick 0.11428000000000001 0
  color 255 255 255 255
  mosaic "Penrose Monster" 2
    polygon 4
      -2.5776499530082702 1.0102530832255956
      -0.95961596425838336 -0.16531742135935046
      1.0403840357416181 -0.1653174213593509
      -0.57764995300829236 1.0102530832255763
    irregular "Girih" 0 1.3500000000000001 1
    polygon 4
      2.6584180244914819 1.0102530832255834
      1.0403840357415874 -0.16531742135936911
      1.6584180244914921 -2.0674304539496662
      3.2764520132413408 -0.89185994936472279
    irregular "Girih" 0 1.25 1
  thick 0.12748000000000001 0
  color 20 150 210 255
  mosaic "Penrose Monster" 2
    polygon 4
      -2.5776499530082702 1.0102530832255956
      -0.95961596425838336 -0.16531742135935046
      1.0403840357416181 -0.1653174213593509
      -0.57764995300829236 1.0102530832255763
    irregular "Girih" 0 1.3500000000000001 1
    polygon 4
      2.6584180244914819 1.0102530832255834
      1.0403840357415874 -0.16531742135936911
      1.6584180244914921 -2.0674304539496662
      3.2764520132413408 -0.89185994936472279
    irregular "Girih" 0 1.25 1
  thick 0.21540000000000001 0
  color 255 255 255 255
  mosaic "Penrose Monster" 2
    polygon 4
      -2.5776499530082702 1.0102530832255956
      -0.95961596425838336 -0.16531742135935046
      1.0403840357416181 -0.1653174213593509
      -0.57764995300829236 1.0102530832255763
    irregular "Girih" 0 1.3500000000000001 1
    polygon 4
      2.6584180244914819 1.0102530832255834
      1.0403840357415874 -0.16531742135936911
      1.6584180244914921 -2.0674304539496662
      3.2764520132413408 -0.89185994936472279
    irregular "Girih" 0 1.25 1
  filled false true
  color 0 153 204 255
  mosaic "Penrose Monster" 2
    polygon 4
      -2.5776499530082702 1.0102530832255956
      -0.95961596425838336 -0.16531742135935046
      1.0403840357416181 -0.1653174213593509
      -0.57764995300829236 1.0102530832255763
    irregular "Girih" 0 1.3500000000000001 1
    polygon 4
      2.6584180244914819 1.0102530832255834
      1.0403840357415874 -0.16531742135936911
      1.6584180244914921 -2.0674304539496662
      3.2764520132413408 -0.89185994936472279
    irregular "Girih" 0 1.25 1
  filled true false
  color 0 0 0 255
  mosaic "Penrose Monster" 2
    polygon 4
      -2.5776499530082702 1.0102530832255956
      -0.95961596425838336 -0.16531742135935046
      1.0403840357416181 -0.1653174213593509
      -0.57764995300829236 1.0102530832255763
    irregular "Girih" 0 1.3500000000000001 1
    polygon 4
      2.6584180244914819 1.0102530832255834
      1.0403840357415874 -0.16531742135936911
      1.6584180244914921 -2.0674304539496662
      3.2764520132413408 -0.89185994936472279
    irregular "Girih" 0 1.25 1
