layers 4

  interlace 0.045 0.0
  thick 0.02 0.0
  color 255 255 255 255

  mosaic "Girih Crab" 5

    polygon 6
      0.9999999999999998 0.3249196962329062
      0.9999999999999998 -0.3249196962329064
      1.6180339887498947 -0.12410828034667931
      2.2360679774997894 -0.3249196962329066
      2.2360679774997894 0.3249196962329056
      1.6180339887498947 0.12410828034667865

    explicit 


    polygon 6
      0.7346122469045158 -4.710642164607318
      1.116578258154624 -5.236373276726452
      1.734612246904517 -5.437184692612679
      2.116578258154624 -4.911453580493545
      1.7346122469045193 -4.385722468374411
      1.1165782581546226 -4.184911052488184

    explicit 


    polygon 6
      2.618033988749895 0.8506508083520394
      2.2360679774997894 0.3249196962329056
      2.2360679774997894 -0.3249196962329066
      2.6180339887498945 -0.8506508083520405
      3.0 -0.3249196962329066
      3.0 0.3249196962329055

    explicit 


    regular 10

    star 10 3.0 2


    polygon 4
      1.116578258154624 -3.5350716600223717
      1.1165782581546226 -4.184911052488184
      1.734612246904517 -4.385722468374411
      1.7346122469045173 -3.7358830759085984

    explicit 


  thick 0.06 0.0
  color 14 107 150 255

  mosaic "Girih Crab" 5

    polygon 6
      0.9999999999999998 0.3249196962329062
      0.9999999999999998 -0.3249196962329064
      1.6180339887498947 -0.12410828034667931
      2.2360679774997894 -0.3249196962329066
      2.2360679774997894 0.3249196962329056
      1.6180339887498947 0.12410828034667865

    explicit 


    polygon 6
      0.7346122469045158 -4.710642164607318
      1.116578258154624 -5.236373276726452
      1.734612246904517 -5.437184692612679
      2.116578258154624 -4.911453580493545
      1.7346122469045193 -4.385722468374411
      1.1165782581546226 -4.184911052488184

    explicit 


    polygon 6
      2.618033988749895 0.8506508083520394
      2.2360679774997894 0.3249196962329056
      2.2360679774997894 -0.3249196962329066
      2.6180339887498945 -0.8506508083520405
      3.0 -0.3249196962329066
      3.0 0.3249196962329055

    explicit 


    regular 10

    star 10 3.0 2


    polygon 4
      1.116578258154624 -3.5350716600223717
      1.1165782581546226 -4.184911052488184
      1.734612246904517 -4.385722468374411
      1.7346122469045173 -3.7358830759085984

    explicit 


  thick 0.09 0.0
  color 255 255 255 255

  mosaic "Girih Crab" 5

    polygon 6
      0.9999999999999998 0.3249196962329062
      0.9999999999999998 -0.3249196962329064
      1.6180339887498947 -0.12410828034667931
      2.2360679774997894 -0.3249196962329066
      2.2360679774997894 0.3249196962329056
      1.6180339887498947 0.12410828034667865

    explicit 


    polygon 6
      0.7346122469045158 -4.710642164607318
      1.116578258154624 -5.236373276726452
      1.734612246904517 -5.437184692612679
      2.116578258154624 -4.911453580493545
      1.7346122469045193 -4.385722468374411
      1.1165782581546226 -4.184911052488184

    explicit 


    polygon 6
      2.618033988749895 0.8506508083520394
      2.2360679774997894 0.3249196962329056
      2.2360679774997894 -0.3249196962329066
      2.6180339887498945 -0.8506508083520405
      3.0 -0.3249196962329066
      3.0 0.3249196962329055

    explicit 


    regular 10

    star 10 3.0 2


    polygon 4
      1.116578258154624 -3.5350716600223717
      1.1165782581546226 -4.184911052488184
      1.734612246904517 -4.385722468374411
      1.7346122469045173 -3.7358830759085984

    explicit 


  filled true false
  color 20 150 210 255

  mosaic "Girih Crab" 5

    polygon 6
      0.9999999999999998 0.3249196962329062
      0.9999999999999998 -0.3249196962329064
      1.6180339887498947 -0.12410828034667931
      2.2360679774997894 -0.3249196962329066
      2.2360679774997894 0.3249196962329056
      1.6180339887498947 0.12410828034667865

    explicit 


    polygon 6
      0.7346122469045158 -4.710642164607318
      1.116578258154624 -5.236373276726452
      1.734612246904517 -5.437184692612679
      2.116578258154624 -4.911453580493545
      1.7346122469045193 -4.385722468374411
      1.1165782581546226 -4.184911052488184

    explicit 


    polygon 6
      2.618033988749895 0.8506508083520394
      2.2360679774997894 0.3249196962329056
      2.2360679774997894 -0.3249196962329066
      2.6180339887498945 -0.8506508083520405
      3.0 -0.3249196962329066
      3.0 0.3249196962329055

    explicit 


    regular 10

    star 10 3.0 2


    polygon 4
      1.116578258154624 -3.5350716600223717
      1.1165782581546226 -4.184911052488184
      1.734612246904517 -4.385722468374411
      1.7346122469045173 -3.7358830759085984

    explicit 


