layers 4
  thick 0.022412109375000003 0
  color 255 255 255 255
  mosaic "9.5.3.6" 5
    polygon 3
      -2.376205458551365 -1.7600437436895509
      -1.9483327866011453 -2.3489599536255272
      -1.6522527240712483 -1.8361342422155817
    irregular "Girih" 0 0.23999999999999999 1
    polygon 5
      -0.33613986453133937 1.7600437436895535
      -0.18479253090409531 1.0480105209175394
      0.53208888623795614 0.92160498510687616
      0.82408377530339583 1.4273549685186544
      0.35617266154135208 1.9849897193593282
    irregular "Girih" 0 1.2299999999999995 1
    regular 9
    star 9 3 2
    regular 6
    star 6 2.119384765625 1
    regular 5
    star 5 1.53704833984375 2
  thick 0.059814453125 0
  color 0 0 51 255
  mosaic "9.5.3.6" 5
    polygon 3
      -2.376205458551365 -1.7600437436895509
      -1.9483327866011453 -2.3489599536255272
      -1.6522527240712483 -1.8361342422155817
    irregular "Girih" 0 0.23999999999999999 1
    polygon 5
      -0.33613986453133937 1.7600437436895535
      -0.18479253090409531 1.0480105209175394
      0.53208888623795614 0.92160498510687616
      0.82408377530339583 1.4273549685186544
      0.35617266154135208 1.9849897193593282
    irregular "Girih" 0 1.2299999999999995 1
    regular 9
    star 9 3 2
    regular 6
    star 6 2.119384765625 1
    regular 5
    star 5 1.53704833984375 2
  filled true true
  color 20 150 210 90
  mosaic "9.5.3.6" 5
    polygon 3
      -2.376205458551365 -1.7600437436895509
      -1.9483327866011453 -2.3489599536255272
      -1.6522527240712483 -1.8361342422155817
    irregular "Girih" 0 0.23999999999999999 1
    polygon 5
      -0.33613986453133937 1.7600437436895535
      -0.18479253090409531 1.0480105209175394
      0.53208888623795614 0.92160498510687616
      0.82408377530339583 1.4273549685186544
      0.35617266154135208 1.9849897193593282
    irregular "Girih" 0 1.2299999999999995 1
    regular 9
    star 9 3 2
    regular 6
    star 6 2.119384765625 1
    regular 5
    star 5 1.53704833984375 2
  filled false true
  color 255 255 51 255
  mosaic "9.5.3.6" 5
    polygon 3
      -2.376205458551365 -1.7600437436895509
      -1.9483327866011453 -2.3489599536255272
      -1.6522527240712483 -1.8361342422155817
    irregular "Girih" 0 0.23999999999999999 1
    polygon 5
      -0.33613986453133937 1.7600437436895535
      -0.18479253090409531 1.0480105209175394
      0.53208888623795614 0.92160498510687616
      0.82408377530339583 1.4273549685186544
      0.35617266154135208 1.9849897193593282
    irregular "Girih" 0 1.2299999999999995 1
    regular 9
    star 9 3 2
    regular 6
    star 6 2.119384765625 1
    regular 5
    star 5 1.53704833984375 2
