layers 4

  thick 0.03 0.0
  color 255 255 255 255

  mosaic "Ilkhanid Uljaytu" 4

    polygon 6
      2.000000000000001 1.0514622242382674
      1.3819660112501062 0.8506508083520397
      0.9999999999999998 0.32491969623290634
      1.0 -0.3249196962329064
      1.6180339887498947 -0.12410828034667876
      2.000000000000001 0.4016228317724545

    explicit 


    polygon 4
      2.818033988749896 -0.15459010294924225
      2.436067977499791 -0.6803212150683756
      2.818033988749896 -1.206052327187509
      3.1999999999999993 -0.6803212150683748

    explicit 


    regular 10

    star 10 3.0 2


    regular 5

    star 5 1.5 2


  thick 0.06 0.0
  color 51 51 51 255

  mosaic "Ilkhanid Uljaytu" 4

    polygon 6
      2.000000000000001 1.0514622242382674
      1.3819660112501062 0.8506508083520397
      0.9999999999999998 0.32491969623290634
      1.0 -0.3249196962329064
      1.6180339887498947 -0.12410828034667876
      2.000000000000001 0.4016228317724545

    explicit 


    polygon 4
      2.818033988749896 -0.15459010294924225
      2.436067977499791 -0.6803212150683756
      2.818033988749896 -1.206052327187509
      3.1999999999999993 -0.6803212150683748

    explicit 


    regular 10

    star 10 3.0 2


    regular 5

    star 5 1.5 2


  filled false true
  color 0 153 255 255

  mosaic "Ilkhanid Uljaytu" 4

    polygon 6
      2.000000000000001 1.0514622242382674
      1.3819660112501062 0.8506508083520397
      0.9999999999999998 0.32491969623290634
      1.0 -0.3249196962329064
      1.6180339887498947 -0.12410828034667876
      2.000000000000001 0.4016228317724545

    explicit 


    polygon 4
      2.818033988749896 -0.15459010294924225
      2.436067977499791 -0.6803212150683756
      2.818033988749896 -1.206052327187509
      3.1999999999999993 -0.6803212150683748

    explicit 


    regular 10

    star 10 3.0 2


    regular 5

    star 5 1.5 2


  filled true false
  color 0 102 153 255

  mosaic "Ilkhanid Uljaytu" 4

    polygon 6
      2.000000000000001 1.0514622242382674
      1.3819660112501062 0.8506508083520397
      0.9999999999999998 0.32491969623290634
      1.0 -0.3249196962329064
      1.6180339887498947 -0.12410828034667876
      2.000000000000001 0.4016228317724545

    explicit 


    polygon 4
      2.818033988749896 -0.15459010294924225
      2.436067977499791 -0.6803212150683756
      2.818033988749896 -1.206052327187509
      3.1999999999999993 -0.6803212150683748

    explicit 


    regular 10

    star 10 3.0 2


    regular 5

    star 5 1.5 2


