layers 5

  interlace 0.3021 0.05
  thick 0.1 0.02
  color 255 255 255 255

  mosaic "Recursive Lock" 3

    polygon 8
      0.8599999999999992 -7.740000000000002
      2.8599999999999994 -5.740000000000003
      2.8599999999999994 -3.7400000000000024
      0.8599999999999994 -1.740000000000002
      -1.1400000000000006 -1.7400000000000015
      -3.1400000000000015 -3.740000000000001
      -3.1400000000000023 -5.740000000000001
      -1.140000000000001 -7.740000000000002

    explicit 


    polygon 6
      -0.1399999999999995 0.25999999999999795
      0.8600000000000003 1.2599999999999978
      0.8600000000000001 3.259999999999997
      -0.13999999999999957 4.259999999999996
      -1.1399999999999992 3.2599999999999967
      -1.1399999999999992 1.2599999999999978

    explicit 


    regular 4

    explicit 


  interlace 0.0 0.11668
  thick 0.34 0.068
  color 51 153 0 255

  mosaic "Recursive Lock" 3

    polygon 8
      0.8599999999999992 -7.740000000000002
      2.8599999999999994 -5.740000000000003
      2.8599999999999994 -3.7400000000000024
      0.8599999999999994 -1.740000000000002
      -1.1400000000000006 -1.7400000000000015
      -3.1400000000000015 -3.740000000000001
      -3.1400000000000023 -5.740000000000001
      -1.140000000000001 -7.740000000000002

    explicit 


    polygon 6
      -0.1399999999999995 0.25999999999999795
      0.8600000000000003 1.2599999999999978
      0.8600000000000001 3.259999999999997
      -0.13999999999999957 4.259999999999996
      -1.1399999999999992 3.2599999999999967
      -1.1399999999999992 1.2599999999999978

    explicit 


    regular 4

    explicit 


  interlace 0.0 0.05
  thick 0.34 0.068
  color 51 153 0 255

  mosaic "Recursive Lock" 3

    polygon 8
      0.8599999999999992 -7.740000000000002
      2.8599999999999994 -5.740000000000003
      2.8599999999999994 -3.7400000000000024
      0.8599999999999994 -1.740000000000002
      -1.1400000000000006 -1.7400000000000015
      -3.1400000000000015 -3.740000000000001
      -3.1400000000000023 -5.740000000000001
      -1.140000000000001 -7.740000000000002

    explicit 


    polygon 6
      -0.1399999999999995 0.25999999999999795
      0.8600000000000003 1.2599999999999978
      0.8600000000000001 3.259999999999997
      -0.13999999999999957 4.259999999999996
      -1.1399999999999992 3.2599999999999967
      -1.1399999999999992 1.2599999999999978

    explicit 


    regular 4

    explicit 


  filled true false
  color 244 203 80 255

  mosaic "Recursive Lock" 3

    polygon 8
      0.8599999999999992 -7.740000000000002
      2.8599999999999994 -5.740000000000003
      2.8599999999999994 -3.7400000000000024
      0.8599999999999994 -1.740000000000002
      -1.1400000000000006 -1.7400000000000015
      -3.1400000000000015 -3.740000000000001
      -3.1400000000000023 -5.740000000000001
      -1.140000000000001 -7.740000000000002

    explicit 


    polygon 6
      -0.1399999999999995 0.25999999999999795
      0.8600000000000003 1.2599999999999978
      0.8600000000000001 3.259999999999997
      -0.13999999999999957 4.259999999999996
      -1.1399999999999992 3.2599999999999967
      -1.1399999999999992 1.2599999999999978

    explicit 


    regular 4

    explicit 


  filled false true
  color 255 255 155 255

  mosaic "Recursive Lock" 3

    polygon 8
      0.8599999999999992 -7.740000000000002
      2.8599999999999994 -5.740000000000003
      2.8599999999999994 -3.7400000000000024
      0.8599999999999994 -1.740000000000002
      -1.1400000000000006 -1.7400000000000015
      -3.1400000000000015 -3.740000000000001
      -3.1400000000000023 -5.740000000000001
      -1.140000000000001 -7.740000000000002

    explicit 


    polygon 6
      -0.1399999999999995 0.25999999999999795
      0.8600000000000003 1.2599999999999978
      0.8600000000000001 3.259999999999997
      -0.13999999999999957 4.259999999999996
      -1.1399999999999992 3.2599999999999967
      -1.1399999999999992 1.2599999999999978

    explicit 


    regular 4

    explicit 


