layers 4

  thick 0.02 0.0
  color 0 0 0 255

  mosaic "Great Mosque of Malatya" 2

    polygon 6
      2.000000000000001 1.0514622242382674
      1.3819660112501062 0.8506508083520397
      0.9999999999999998 0.32491969623290634
      1.0 -0.3249196962329064
      1.6180339887498947 -0.12410828034667876
      2.000000000000001 0.4016228317724545

    explicit 


    polygon 6
      3.9639320225002086 -0.6803212150683722
      4.345898033750315 -1.2060523271875043
      4.3458980337503155 -1.8558917196533167
      4.963932022500211 -1.6550803037670831
      4.581966011250107 -1.1293491916479488
      4.581966011250106 -0.47950979918213665

    explicit 


  filled false true
  color 20 150 210 255

  mosaic "Great Mosque of Malatya" 2

    polygon 6
      2.000000000000001 1.0514622242382674
      1.3819660112501062 0.8506508083520397
      0.9999999999999998 0.32491969623290634
      1.0 -0.3249196962329064
      1.6180339887498947 -0.12410828034667876
      2.000000000000001 0.4016228317724545

    explicit 


    polygon 6
      3.9639320225002086 -0.6803212150683722
      4.345898033750315 -1.2060523271875043
      4.3458980337503155 -1.8558917196533167
      4.963932022500211 -1.6550803037670831
      4.581966011250107 -1.1293491916479488
      4.581966011250106 -0.47950979918213665

    explicit 


  thick 0.06 0.0
  color 51 204 255 255

  mosaic "Great Mosque of Malatya" 2

    polygon 6
      2.000000000000001 1.0514622242382674
      1.3819660112501062 0.8506508083520397
      0.9999999999999998 0.32491969623290634
      1.0 -0.3249196962329064
      1.6180339887498947 -0.12410828034667876
      2.000000000000001 0.4016228317724545

    explicit 


    polygon 6
      3.9639320225002086 -0.6803212150683722
      4.345898033750315 -1.2060523271875043
      4.3458980337503155 -1.8558917196533167
      4.963932022500211 -1.6550803037670831
      4.581966011250107 -1.1293491916479488
      4.581966011250106 -0.47950979918213665

    explicit 


  thick 0.09 0.0
  color 0 0 0 255

  mosaic "Great Mosque of Malatya" 2

    polygon 6
      2.000000000000001 1.0514622242382674
      1.3819660112501062 0.8506508083520397
      0.9999999999999998 0.32491969623290634
      1.0 -0.3249196962329064
      1.6180339887498947 -0.12410828034667876
      2.000000000000001 0.4016228317724545

    explicit 


    polygon 6
      3.9639320225002086 -0.6803212150683722
      4.345898033750315 -1.2060523271875043
      4.3458980337503155 -1.8558917196533167
      4.963932022500211 -1.6550803037670831
      4.581966011250107 -1.1293491916479488
      4.581966011250106 -0.47950979918213665

    explicit 


