layers 5
  thick 0.023291015625000001 0
  color 255 255 255 255
  mosaic "Mamluk Quran" 3
    regular 10
    star 10 3 2
    polygon 6
      2.0000000000000009 1.0514622242382674
      1.3819660112501062 0.85065080835203966
      0.99999999999999978 0.32491969623290634
      1 -0.3249196962329064
      1.6180339887498947 -0.12410828034667876
      2.0000000000000009 0.4016228317724545
    irregular "Girih" 0 1.8300000000000001 1
    polygon 6
      3.9639320225002086 -0.68032121506837218
      4.3458980337503146 -1.2060523271875043
      4.3458980337503155 -1.8558917196533167
      4.9639320225002113 -1.6550803037670831
      4.5819660112501071 -1.1293491916479488
      4.5819660112501062 -0.47950979918213665
    irregular "Girih" 0 1.6599999999999999 1
  filled true false
  color 0 153 204 255
  mosaic "Mamluk Quran" 3
    regular 10
    star 10 3 2
    polygon 6
      2.0000000000000009 1.0514622242382674
      1.3819660112501062 0.85065080835203966
      0.99999999999999978 0.32491969623290634
      1 -0.3249196962329064
      1.6180339887498947 -0.12410828034667876
      2.0000000000000009 0.4016228317724545
    irregular "Girih" 0 1.8300000000000001 1
    polygon 6
      3.9639320225002086 -0.68032121506837218
      4.3458980337503146 -1.2060523271875043
      4.3458980337503155 -1.8558917196533167
      4.9639320225002113 -1.6550803037670831
      4.5819660112501071 -1.1293491916479488
      4.5819660112501062 -0.47950979918213665
    irregular "Girih" 0 1.6599999999999999 1
  thick 0.073779296874999997 0
  color 0 102 153 255
  mosaic "Mamluk Quran" 3
    regular 10
    star 10 3 2
    polygon 6
      2.0000000000000009 1.0514622242382674
      1.3819660112501062 0.85065080835203966
      0.99999999999999978 0.32491969623290634
      1 -0.3249196962329064
      1.6180339887498947 -0.12410828034667876
      2.0000000000000009 0.4016228317724545
    irregular "Girih" 0 1.8300000000000001 1
    polygon 6
      3.9639320225002086 -0.68032121506837218
      4.3458980337503146 -1.2060523271875043
      4.3458980337503155 -1.8558917196533167
      4.9639320225002113 -1.6550803037670831
      4.5819660112501071 -1.1293491916479488
      4.5819660112501062 -0.47950979918213665
    irregular "Girih" 0 1.6599999999999999 1
  thick 0.15146484375000002 0
  color 230 197 132 255
  mosaic "Mamluk Quran" 3
    regular 10
    star 10 3 2
    polygon 6
      2.0000000000000009 1.0514622242382674
      1.3819660112501062 0.85065080835203966
      0.99999999999999978 0.32491969623290634
      1 -0.3249196962329064
      1.6180339887498947 -0.12410828034667876
      2.0000000000000009 0.4016228317724545
    irregular "Girih" 0 1.8300000000000001 1
    polygon 6
      3.9639320225002086 -0.68032121506837218
      4.3458980337503146 -1.2060523271875043
      4.3458980337503155 -1.8558917196533167
      4.9639320225002113 -1.6550803037670831
      4.5819660112501071 -1.1293491916479488
      4.5819660112501062 -0.47950979918213665
    irregular "Girih" 0 1.6599999999999999 1
  filled false true
  color 166 153 114 255
  mosaic "Mamluk Quran" 3
    regular 10
    star 10 3 2
    polygon 6
      2.0000000000000009 1.0514622242382674
      1.3819660112501062 0.85065080835203966
      0.99999999999999978 0.32491969623290634
      1 -0.3249196962329064
      1.6180339887498947 -0.12410828034667876
      2.0000000000000009 0.4016228317724545
    irregular "Girih" 0 1.8300000000000001 1
    polygon 6
      3.9639320225002086 -0.68032121506837218
      4.3458980337503146 -1.2060523271875043
      4.3458980337503155 -1.8558917196533167
      4.9639320225002113 -1.6550803037670831
      4.5819660112501071 -1.1293491916479488
      4.5819660112501062 -0.47950979918213665
    irregular "Girih" 0 1.6599999999999999 1
