layers 3

  filled false true
  color 255 255 204 255

  mosaic "Seville Alcazar 12.8.6" 5

    regular 8

    extended 0.6093898944134712 8 8 2


    regular 12

    extended 0.7855906956294739 12 12 2


    polygon 6
      4.5485473884966 -3.56891410075235
      4.5485473884965995 -4.723614639131604
      5.0661854787016445 -5.0224731298542915
      6.181540550352052 -4.723614639131609
      6.181540550352054 -3.5689141007523597
      5.066185478701646 -3.2700556100296634

    explicit 


    polygon 4
      1.816496580927724 -1.3938468501173504
      1.8164965809277234 -1.9915638315627247
      2.971197119306975 -1.9915638315627247
      2.9711971193069755 -1.3938468501173507

    explicit 


    regular 6

    extended 0.49999999999999994 6 6 3


  thick 0.03125 0.0
  color 185 99 14 255

  mosaic "Seville Alcazar 12.8.6" 5

    regular 8

    extended 0.6093898944134712 8 8 2


    regular 12

    extended 0.7855906956294739 12 12 2


    polygon 6
      4.5485473884966 -3.56891410075235
      4.5485473884965995 -4.723614639131604
      5.0661854787016445 -5.0224731298542915
      6.181540550352052 -4.723614639131609
      6.181540550352054 -3.5689141007523597
      5.066185478701646 -3.2700556100296634

    explicit 


    polygon 4
      1.816496580927724 -1.3938468501173504
      1.8164965809277234 -1.9915638315627247
      2.971197119306975 -1.9915638315627247
      2.9711971193069755 -1.3938468501173507

    explicit 


    regular 6

    extended 0.49999999999999994 6 6 3


  filled true false
  color 255 153 0 255

  mosaic "Seville Alcazar 12.8.6" 5

    regular 8

    extended 0.6093898944134712 8 8 2


    regular 12

    extended 0.7855906956294739 12 12 2


    polygon 6
      4.5485473884966 -3.56891410075235
      4.5485473884965995 -4.723614639131604
      5.0661854787016445 -5.0224731298542915
      6.181540550352052 -4.723614639131609
      6.181540550352054 -3.5689141007523597
      5.066185478701646 -3.2700556100296634

    explicit 


    polygon 4
      1.816496580927724 -1.3938468501173504
      1.8164965809277234 -1.9915638315627247
      2.971197119306975 -1.9915638315627247
      2.9711971193069755 -1.3938468501173507

    explicit 


    regular 6

    extended 0.49999999999999994 6 6 3


