layers 3
  thick 0.040000000000000001 0.0080000000000000002
  color 255 255 255 255
  mosaic "More alien" 6
    polygon 6
      -0.74426090470405781 -4.2673303404788721
      -1.8191413234266305 -4.6891898180067759
      -0.77141375030602288 -5.1745765358474403
      0.82642014156514942 -5.2223978848760124
      1.9013005602877222 -4.8005384073481085
      0.85357298716711472 -4.3151516895074451
    irregular Girih 0 0.59999999999999998 1
    polygon 5
      -0.74426090470405815 -4.2673303404788729
      0.85357298716711472 -4.315151689507446
      0.991437562523108 -3.168710809132341
      0.11059784520213434 -2.4220819014926516
      -0.81331679346170493 -3.1146965662204478
    irregular Girih 0 0.59999999999999998 1
    polygon 7
      0.11059784520213434 -2.4220819014926516
      0.991437562523108 -3.168710809132341
      2.1243701290582906 -2.9455580968088366
      2.747472663437589 -1.9233917741193367
      2.1866151938557752 -0.86579087661367926
      1.0690558887576445 -0.57528350506880332
      0.14514125009380441 -1.267898169796601
    irregular Girih 0 2.3999999999999999 1
    regular 5
    star 5 1.6666000000000001 2
    polygon 4
      2.6866963867826921 -3.9540830162862926
      1.9013005602877222 -4.8005384073481103
      2.6346690816576395 -5.6924486860180181
      3.4200649081526082 -4.8459932949561999
    irregular Girih 0 0.59999999999999998 1
    polygon 4
      2.747472663437589 -1.9233917741193367
      2.1243701290582906 -2.9455580968088366
      2.6866963867826881 -3.9540830162862943
      3.3083301330193993 -2.980992671624997
    irregular Girih 0 0.59999999999999998 1
  filled true false
  color 255 255 255 126
  mosaic "More alien" 6
    polygon 6
      -0.74426090470405781 -4.2673303404788721
      -1.8191413234266305 -4.6891898180067759
      -0.77141375030602288 -5.1745765358474403
      0.82642014156514942 -5.2223978848760124
      1.9013005602877222 -4.8005384073481085
      0.85357298716711472 -4.3151516895074451
    irregular Girih 0 0.59999999999999998 1
    polygon 5
      -0.74426090470405815 -4.2673303404788729
      0.85357298716711472 -4.315151689507446
      0.991437562523108 -3.168710809132341
      0.11059784520213434 -2.4220819014926516
      -0.81331679346170493 -3.1146965662204478
    irregular Girih 0 0.59999999999999998 1
    polygon 7
      0.11059784520213434 -2.4220819014926516
      0.991437562523108 -3.168710809132341
      2.1243701290582906 -2.9455580968088366
      2.747472663437589 -1.9233917741193367
      2.1866151938557752 -0.86579087661367926
      1.0690558887576445 -0.57528350506880332
      0.14514125009380441 -1.267898169796601
    irregular Girih 0 2.3999999999999999 1
    regular 5
    star 5 1.6666000000000001 2
    polygon 4
      2.6866963867826921 -3.9540830162862926
      1.9013005602877222 -4.8005384073481103
      2.6346690816576395 -5.6924486860180181
      3.4200649081526082 -4.8459932949561999
    irregular Girih 0 0.59999999999999998 1
    polygon 4
      2.747472663437589 -1.9233917741193367
      2.1243701290582906 -2.9455580968088366
      2.6866963867826881 -3.9540830162862943
      3.3083301330193993 -2.980992671624997
    irregular Girih 0 0.59999999999999998 1
  thick 0.12 0.024
  color 20 150 210 255
  mosaic "More alien" 6
    polygon 6
      -0.74426090470405781 -4.2673303404788721
      -1.8191413234266305 -4.6891898180067759
      -0.77141375030602288 -5.1745765358474403
      0.82642014156514942 -5.2223978848760124
      1.9013005602877222 -4.8005384073481085
      0.85357298716711472 -4.3151516895074451
    irregular Girih 0 0.59999999999999998 1
    polygon 5
      -0.74426090470405815 -4.2673303404788729
      0.85357298716711472 -4.315151689507446
      0.991437562523108 -3.168710809132341
      0.11059784520213434 -2.4220819014926516
      -0.81331679346170493 -3.1146965662204478
    irregular Girih 0 0.59999999999999998 1
    polygon 7
      0.11059784520213434 -2.4220819014926516
      0.991437562523108 -3.168710809132341
      2.1243701290582906 -2.9455580968088366
      2.747472663437589 -1.9233917741193367
      2.1866151938557752 -0.86579087661367926
      1.0690558887576445 -0.57528350506880332
      0.14514125009380441 -1.267898169796601
    irregular Girih 0 2.3999999999999999 1
    regular 5
    star 5 1.6666000000000001 2
    polygon 4
      2.6866963867826921 -3.9540830162862926
      1.9013005602877222 -4.8005384073481103
      2.6346690816576395 -5.6924486860180181
      3.4200649081526082 -4.8459932949561999
    irregular Girih 0 0.59999999999999998 1
    polygon 4
      2.747472663437589 -1.9233917741193367
      2.1243701290582906 -2.9455580968088366
      2.6866963867826881 -3.9540830162862943
      3.3083301330193993 -2.980992671624997
    irregular Girih 0 0.59999999999999998 1
