layers 2
  thick 0.020999999999999998 0.029999999999999992
  color 255 255 255 255
  mosaic "8.6.4" 4
    polygon 4
      -0.82842712474619207 -4.5458660599604981
      -0.41421356237309609 -3.8284271247461956
      -1.0000000000000022 -3.2426406871192897
      -1.7174389352143042 -3.6568542494923859
    irregular "Star" 0 1.6799999999999999 1
    regular 8
    star 8 3.3700000000000001 3
    regular 6
    star 6 2.21 3
    regular 4
    star 4 1.6299999999999999 3
  thick 0.080000000000000002 0.029999999999999999
  color 20 140 220 255
  mosaic "8.6.4" 4
    polygon 4
      -0.82842712474619207 -4.5458660599604981
      -0.41421356237309609 -3.8284271247461956
      -1.0000000000000022 -3.2426406871192897
      -1.7174389352143042 -3.6568542494923859
    irregular "Star" 0 1.6799999999999999 1
    regular 8
    star 8 3.3700000000000001 3
    regular 6
    star 6 2.21 3
    regular 4
    star 4 1.6299999999999999 3
