movable-layers  5
  plain 
  color 158 232 115 255
  mosaic "12-zoom-2" 2
    polygon 4
      -2.1961524227066351 -1.2679491924311208
      -1.2679491924311248 -1.267949192431121
      -1.2679491924311246 -0.73205080756887708
      -1.7320508075688694 -0.46410161513777709
    irregular "Intersect" 0 2 1
    regular 4
    star 4 2 3
  position 19.132603104612166 0 712.07032884951172 0 19.132603104612166 447.65257724311982
  thick 0.01 0
  color 170 255 127 255
  mosaic "12-zoom-2" 2
    polygon 4
      -2.1961524227066351 -1.2679491924311208
      -1.2679491924311248 -1.267949192431121
      -1.2679491924311246 -0.73205080756887708
      -1.7320508075688694 -0.46410161513777709
    irregular "Intersect" 0 0.22 1
    regular 4
    star 4 1.3333333333333333 3
  position 19.132603104612166 0 712.07032884951172 0 19.132603104612166 447.65257724311982
  filled true false
  color 170 255 127 255
  mosaic "12-zoom-2" 2
    polygon 4
      -2.1961524227066351 -1.2679491924311208
      -1.2679491924311248 -1.267949192431121
      -1.2679491924311246 -0.73205080756887708
      -1.7320508075688694 -0.46410161513777709
    irregular "Intersect" 0 0.22 1
    regular 4
    star 4 1.3333333333333333 3
  position 19.132603104612166 0 712.07032884951172 0 19.132603104612166 447.65257724311982
  thick 0.02 0
  color 61 77 108 155
  mosaic "12-zoom-2" 2
    polygon 4
      -2.1961524227066351 -1.2679491924311208
      -1.2679491924311248 -1.267949192431121
      -1.2679491924311246 -0.73205080756887708
      -1.7320508075688694 -0.46410161513777709
    irregular "Intersect" 0 0.22 1
    regular 4
    star 4 1.3333333333333333 3
  position 19.132603104612166 0 713.07032884951172 0 19.132603104612166 448.65257724311982
  filled false true
  color 0 170 255 255
  mosaic "12-zoom-2" 2
    polygon 4
      -2.1961524227066351 -1.2679491924311208
      -1.2679491924311248 -1.267949192431121
      -1.2679491924311246 -0.73205080756887708
      -1.7320508075688694 -0.46410161513777709
    irregular "Intersect" 0 0.22 1
    regular 4
    star 4 1.3333333333333333 3
  position 19.132603104612166 0 712.07032884951172 0 19.132603104612166 447.65257724311982
