layers 4

  filled true false
  color 255 204 0 255

  mosaic "3-8-12 pieces" 6

    regular 12

    rosette 12 0.0 3


    regular 8

    rosette 8 0.0 3


    regular 3

    explicit 


    polygon 4
      -8.749066693321776 -3.896575472168033
      -9.64564216548981 -7.2426406871192786
      -6.18154055035206 -7.24264068711928
      -7.07811602252011 -3.8965754721680494

    explicit 


    polygon 8
      -8.749066693321774 3.896575472168057
      -10.481117500890651 0.8965754721680645
      -10.48111750089061 -0.8965754721680308
      -8.749066693321776 -3.896575472168033
      -7.07811602252011 -3.8965754721680494
      -5.346065214951231 -0.8965754721680502
      -5.346065214951272 0.8965754721680531
      -7.078116022520114 3.896575472168055

    explicit 


    polygon 3
      -13.827182715841868 1.709743457922741E-14
      -10.48111750089061 -0.8965754721680308
      -10.481117500890651 0.8965754721680645

    explicit 


  emboss 0.7853981633974483
  outline 
  thick 0.12 0.0
  color 204 153 0 255

  mosaic "3-8-12 pieces" 6

    regular 12

    rosette 12 0.0 3


    regular 8

    rosette 8 0.0 3


    regular 3

    explicit 


    polygon 4
      -8.749066693321776 -3.896575472168033
      -9.64564216548981 -7.2426406871192786
      -6.18154055035206 -7.24264068711928
      -7.07811602252011 -3.8965754721680494

    explicit 


    polygon 8
      -8.749066693321774 3.896575472168057
      -10.481117500890651 0.8965754721680645
      -10.48111750089061 -0.8965754721680308
      -8.749066693321776 -3.896575472168033
      -7.07811602252011 -3.8965754721680494
      -5.346065214951231 -0.8965754721680502
      -5.346065214951272 0.8965754721680531
      -7.078116022520114 3.896575472168055

    explicit 


    polygon 3
      -13.827182715841868 1.709743457922741E-14
      -10.48111750089061 -0.8965754721680308
      -10.481117500890651 0.8965754721680645

    explicit 


  thick 0.17998046875 0.0
  color 0 51 0 255

  mosaic "3-8-12 pieces" 6

    regular 12

    rosette 12 0.0 3


    regular 8

    rosette 8 0.0 3


    regular 3

    explicit 


    polygon 4
      -8.749066693321776 -3.896575472168033
      -9.64564216548981 -7.2426406871192786
      -6.18154055035206 -7.24264068711928
      -7.07811602252011 -3.8965754721680494

    explicit 


    polygon 8
      -8.749066693321774 3.896575472168057
      -10.481117500890651 0.8965754721680645
      -10.48111750089061 -0.8965754721680308
      -8.749066693321776 -3.896575472168033
      -7.07811602252011 -3.8965754721680494
      -5.346065214951231 -0.8965754721680502
      -5.346065214951272 0.8965754721680531
      -7.078116022520114 3.896575472168055

    explicit 


    polygon 3
      -13.827182715841868 1.709743457922741E-14
      -10.48111750089061 -0.8965754721680308
      -10.481117500890651 0.8965754721680645

    explicit 


  filled false true
  color 51 102 0 255

  mosaic "3-8-12 pieces" 6

    regular 12

    rosette 12 0.0 3


    regular 8

    rosette 8 0.0 3


    regular 3

    explicit 


    polygon 4
      -8.749066693321776 -3.896575472168033
      -9.64564216548981 -7.2426406871192786
      -6.18154055035206 -7.24264068711928
      -7.07811602252011 -3.8965754721680494

    explicit 


    polygon 8
      -8.749066693321774 3.896575472168057
      -10.481117500890651 0.8965754721680645
      -10.48111750089061 -0.8965754721680308
      -8.749066693321776 -3.896575472168033
      -7.07811602252011 -3.8965754721680494
      -5.346065214951231 -0.8965754721680502
      -5.346065214951272 0.8965754721680531
      -7.078116022520114 3.896575472168055

    explicit 


    polygon 3
      -13.827182715841868 1.709743457922741E-14
      -10.48111750089061 -0.8965754721680308
      -10.481117500890651 0.8965754721680645

    explicit 


