layers 3

  interlace 0.04248046875 0.05
  thick 0.05 0.0
  color 20 150 210 255

  mosaic "pbn_7" 2

    polygon 5
      0.24697960371746683 2.817623302598764
      0.6648743962621135 1.9498558243636477
      1.3351256037378867 1.949855824363648
      1.753020396282533 2.817623302598764
      0.9999999999999998 3.418137029919767

    explicit 


    regular 7

    rosette 7 0.0 3


  interlace 0.04248046875 0.05
  thick 0.05 0.0
  color 20 150 210 255

  mosaic "pbn_7" 2

    polygon 5
      0.24697960371746683 2.817623302598764
      0.6648743962621135 1.9498558243636477
      1.3351256037378867 1.949855824363648
      1.753020396282533 2.817623302598764
      0.9999999999999998 3.418137029919767

    explicit 


    regular 7

    rosette 7 0.0 3


  thick 0.08330078125000001 0.0
  color 0 51 102 255

  mosaic "pbn_7" 2

    polygon 5
      0.24697960371746683 2.817623302598764
      0.6648743962621135 1.9498558243636477
      1.3351256037378867 1.949855824363648
      1.753020396282533 2.817623302598764
      0.9999999999999998 3.418137029919767

    explicit 


    regular 7

    rosette 7 0.0 3


