layers 4
  outline
  thick 0.24516000000000002 0
  color 0 0 0 38
  mosaic "Penrose Monster" 2
    polygon 4
      -2.5776499530082702 1.0102530832255956
      -0.95961596425838336 -0.16531742135935046
      1.0403840357416181 -0.1653174213593509
      -0.57764995300829236 1.0102530832255763
    irregular Girih 0 2.79 1
    polygon 4
      2.6584180244914819 1.0102530832255834
      1.0403840357415874 -0.16531742135936911
      1.6584180244914921 -2.0674304539496662
      3.2764520132413408 -0.89185994936472279
    irregular Girih 0 1.1499999999999999 1
  interlace 0 0.081720000000000015
  thick 0.13331999999999999 0.026664
  color 245 236 200 255
  mosaic "Penrose Monster" 2
    polygon 4
      -2.5776499530082702 1.0102530832255956
      -0.95961596425838336 -0.16531742135935046
      1.0403840357416181 -0.1653174213593509
      -0.57764995300829236 1.0102530832255763
    irregular Girih 0 2.79 1
    polygon 4
      2.6584180244914819 1.0102530832255834
      1.0403840357415874 -0.16531742135936911
      1.6584180244914921 -2.0674304539496662
      3.2764520132413408 -0.89185994936472279
    irregular Girih 0 1.1499999999999999 1
  filled true false
  color 255 204 51 255
  mosaic "Penrose Monster" 2
    polygon 4
      -2.5776499530082702 1.0102530832255956
      -0.95961596425838336 -0.16531742135935046
      1.0403840357416181 -0.1653174213593509
      -0.57764995300829236 1.0102530832255763
    irregular Girih 0 2.79 1
    polygon 4
      2.6584180244914819 1.0102530832255834
      1.0403840357415874 -0.16531742135936911
      1.6584180244914921 -2.0674304539496662
      3.2764520132413408 -0.89185994936472279
    irregular Girih 0 1.1499999999999999 1
  filled false true
  color 102 204 0 255
  mosaic "Penrose Monster" 2
    polygon 4
      -2.5776499530082702 1.0102530832255956
      -0.95961596425838336 -0.16531742135935046
      1.0403840357416181 -0.1653174213593509
      -0.57764995300829236 1.0102530832255763
    irregular Girih 0 2.79 1
    polygon 4
      2.6584180244914819 1.0102530832255834
      1.0403840357415874 -0.16531742135936911
      1.6584180244914921 -2.0674304539496662
      3.2764520132413408 -0.89185994936472279
    irregular Girih 0 1.1499999999999999 1
