layers 3

  thick 0.08 0.0
  color 51 153 255 127

  mosaic "Penrose" 2

    polygon 4
      -1.5780339887498953 -2.0244294954150517
      -1.9600000000000004 -3.2000000000000006
      -0.9600000000000031 -2.4734574719946387
      -0.5780339887498978 -1.2978869674096902

    explicit 


    polygon 4
      -1.5380339887498893 5.179796569765568
      -1.9199999999999957 4.004226065180612
      -0.9199999999999955 3.277683537175252
      -0.5380339887498904 4.453254041760198

    explicit 


  thick 0.1 0.0
  color 255 255 255 255

  mosaic "Penrose" 2

    polygon 4
      -1.5780339887498953 -2.0244294954150517
      -1.9600000000000004 -3.2000000000000006
      -0.9600000000000031 -2.4734574719946387
      -0.5780339887498978 -1.2978869674096902

    explicit 


    polygon 4
      -1.5380339887498893 5.179796569765568
      -1.9199999999999957 4.004226065180612
      -0.9199999999999955 3.277683537175252
      -0.5380339887498904 4.453254041760198

    explicit 


  thick 0.15 0.0
  color 135 196 255 255

  mosaic "Penrose" 2

    polygon 4
      -1.5780339887498953 -2.0244294954150517
      -1.9600000000000004 -3.2000000000000006
      -0.9600000000000031 -2.4734574719946387
      -0.5780339887498978 -1.2978869674096902

    explicit 


    polygon 4
      -1.5380339887498893 5.179796569765568
      -1.9199999999999957 4.004226065180612
      -0.9199999999999955 3.277683537175252
      -0.5380339887498904 4.453254041760198

    explicit 


