movable-join-layers  6
  interlace 0.070000000000000007 0.050000000000000003
  thick 0.28000000000000008 0 miter
  color 85 170 127 255
  mosaic "6-pentille" 1
    polygon 5
      -1.4145120934111781 -3.1688555767724491
      -3.414512093411179 -6.6329571919102017
      -2.4145120934111786 -8.3650079994790776
      -0.41451209341117951 -8.3650079994790776
      0.58548790658882022 -6.6329571919101999
    irregular "Intersect" 0 1.6599999999999999 1
  position 50.500000000000021 0 695.78258084338677 0 50.500000000000021 553.5294668945221
  interlace 0.070000000000000007 0.050000000000000003
  thick 0.28000000000000008 0 miter
  color 85 170 127 255
  mosaic "6-pentille" 1
    polygon 5
      -1.4145120934111781 -3.1688555767724491
      -3.414512093411179 -6.6329571919102017
      -2.4145120934111786 -8.3650079994790776
      -0.41451209341117951 -8.3650079994790776
      0.58548790658882022 -6.6329571919101999
    irregular "Intersect" 0 1.6599999999999999 1
  position 50.500000000000021 0 695.78258084338677 0 50.500000000000021 553.5294668945221
  thick 0.36000000000000015 0 miter
  color 28 57 0 255
  mosaic "6-pentille" 1
    polygon 5
      -1.4145120934111781 -3.1688555767724491
      -3.414512093411179 -6.6329571919102017
      -2.4145120934111786 -8.3650079994790776
      -0.41451209341117951 -8.3650079994790776
      0.58548790658882022 -6.6329571919101999
    irregular "Intersect" 0 1.6599999999999999 1
  position 50.500000000000021 0 695.78258084338677 0 50.500000000000021 553.5294668945221
  thick 0.52000000000000013 0.070000000000000007 miter
  color 169 209 137 255
  mosaic "6-pentille" 1
    polygon 5
      -1.4145120934111781 -3.1688555767724491
      -3.414512093411179 -6.6329571919102017
      -2.4145120934111786 -8.3650079994790776
      -0.41451209341117951 -8.3650079994790776
      0.58548790658882022 -6.6329571919101999
    irregular "Intersect" 0 1.6599999999999999 1
  position 50.500000000000021 0 695.78258084338677 0 50.500000000000021 553.5294668945221
  filled true false
  color 220 255 190 255
  mosaic "6-pentille" 1
    polygon 5
      -1.4145120934111781 -3.1688555767724491
      -3.414512093411179 -6.6329571919102017
      -2.4145120934111786 -8.3650079994790776
      -0.41451209341117951 -8.3650079994790776
      0.58548790658882022 -6.6329571919101999
    irregular "Intersect" 0 1.6599999999999999 1
  position 50.500000000000021 0 695.78258084338677 0 50.500000000000021 553.5294668945221
  filled false true
  color 255 255 230 255
  mosaic "6-pentille" 1
    polygon 5
      -1.4145120934111781 -3.1688555767724491
      -3.414512093411179 -6.6329571919102017
      -2.4145120934111786 -8.3650079994790776
      -0.41451209341117951 -8.3650079994790776
      0.58548790658882022 -6.6329571919101999
    irregular "Intersect" 0 1.6599999999999999 1
  position 50.500000000000021 0 695.78258084338677 0 50.500000000000021 553.5294668945221
