layers 7
  thick 0.029999999999999999 0
  color 255 255 255 255
  mosaic "6.4 Boats" 4
    polygon 3
      0.99999999999999944 -1
      1.9999999999999991 -2.7320508075688772
      2.7320508075688759 -2
    irregular "Girih" 0 0.63 1
    regular 6
    star 6 1 2
    regular 4
    irregular "Girih" 0 0.63000000000000012 1
    polygon 6
      1.9999999999999996 -2.7320508075688776
      0.99999999999999822 -4.4641016151377562
      2.732050807568875 -3.4641016151377571
      3.4641016151377522 -2.7320508075688794
      4.4641016151377535 -1.0000000000000009
      2.7320508075688767 -2
    irregular "Girih" 0 1.25 1
  thick 0.10000000000000001 0
  color 153 51 0 255
  mosaic "6.4 Boats" 4
    polygon 3
      0.99999999999999944 -1
      1.9999999999999991 -2.7320508075688772
      2.7320508075688759 -2
    irregular "Girih" 0 0.63 1
    regular 6
    star 6 1 2
    regular 4
    irregular "Girih" 0 0.63000000000000012 1
    polygon 6
      1.9999999999999996 -2.7320508075688776
      0.99999999999999822 -4.4641016151377562
      2.732050807568875 -3.4641016151377571
      3.4641016151377522 -2.7320508075688794
      4.4641016151377535 -1.0000000000000009
      2.7320508075688767 -2
    irregular "Girih" 0 1.25 1
  thick 0.029999999999999999 0
  color 255 255 255 255
  mosaic "6.4 Boats" 4
    polygon 3
      0.99999999999999944 -1
      1.9999999999999991 -2.7320508075688772
      2.7320508075688759 -2
    irregular "Girih" 0 0.63 1
    regular 6
    rosette 6 0 3
    regular 4
    irregular "Girih" 0 0.63000000000000012 1
    polygon 6
      1.9999999999999996 -2.7320508075688776
      0.99999999999999822 -4.4641016151377562
      2.732050807568875 -3.4641016151377571
      3.4641016151377522 -2.7320508075688794
      4.4641016151377535 -1.0000000000000009
      2.7320508075688767 -2
    irregular "Girih" 0 1.25 1
  filled false true
  color 255 153 51 255
  mosaic "6.4 Boats" 4
    polygon 3
      0.99999999999999944 -1
      1.9999999999999991 -2.7320508075688772
      2.7320508075688759 -2
    irregular "Girih" 0 0.63 1
    regular 6
    rosette 6 0 3
    regular 4
    irregular "Girih" 0 0.63000000000000012 1
    polygon 6
      1.9999999999999996 -2.7320508075688776
      0.99999999999999822 -4.4641016151377562
      2.732050807568875 -3.4641016151377571
      3.4641016151377522 -2.7320508075688794
      4.4641016151377535 -1.0000000000000009
      2.7320508075688767 -2
    irregular "Girih" 0 1.25 1
  thick 0.10000000000000001 0
  color 153 51 0 255
  mosaic "6.4 Boats" 4
    polygon 3
      0.99999999999999944 -1
      1.9999999999999991 -2.7320508075688772
      2.7320508075688759 -2
    irregular "Girih" 0 0.63 1
    regular 6
    rosette 6 0 3
    regular 4
    irregular "Girih" 0 0.63000000000000012 1
    polygon 6
      1.9999999999999996 -2.7320508075688776
      0.99999999999999822 -4.4641016151377562
      2.732050807568875 -3.4641016151377571
      3.4641016151377522 -2.7320508075688794
      4.4641016151377535 -1.0000000000000009
      2.7320508075688767 -2
    irregular "Girih" 0 1.25 1
  thick 0.16 0
  color 255 255 255 255
  mosaic "6.4 Boats" 4
    polygon 3
      0.99999999999999944 -1
      1.9999999999999991 -2.7320508075688772
      2.7320508075688759 -2
    irregular "Girih" 0 0.63 1
    regular 6
    rosette 6 0 3
    regular 4
    irregular "Girih" 0 0.63000000000000012 1
    polygon 6
      1.9999999999999996 -2.7320508075688776
      0.99999999999999822 -4.4641016151377562
      2.732050807568875 -3.4641016151377571
      3.4641016151377522 -2.7320508075688794
      4.4641016151377535 -1.0000000000000009
      2.7320508075688767 -2
    irregular "Girih" 0 1.25 1
  filled true false
  color 255 204 0 255
  mosaic "6.4 Boats" 4
    polygon 3
      0.99999999999999944 -1
      1.9999999999999991 -2.7320508075688772
      2.7320508075688759 -2
    irregular "Girih" 0 0.63 1
    regular 6
    rosette 6 0 3
    regular 4
    irregular "Girih" 0 0.63000000000000012 1
    polygon 6
      1.9999999999999996 -2.7320508075688776
      0.99999999999999822 -4.4641016151377562
      2.732050807568875 -3.4641016151377571
      3.4641016151377522 -2.7320508075688794
      4.4641016151377535 -1.0000000000000009
      2.7320508075688767 -2
    irregular "Girih" 0 1.25 1
