layers 2

  interlace 0.0 0.0
  thick 0.0859375 0.0171875
  color 20 150 210 255

  mosaic "csk_5" 2

    polygon 4
      -0.38196601125010476 1.1755705045849458
      0.9999999999999998 0.7265425280053609
      2.3819660112501055 1.1755705045849463
      0.9999999999999991 1.624598481164532

    explicit 


    regular 5

    rosette 5 0.0 3


  interlace 0.0 0.0
  thick 0.0859375 0.0171875
  color 20 150 210 255

  mosaic "csk_5" 2

    polygon 4
      -0.38196601125010476 1.1755705045849458
      0.9999999999999998 0.7265425280053609
      2.3819660112501055 1.1755705045849463
      0.9999999999999991 1.624598481164532

    explicit 


    regular 5

    rosette 5 0.0 3


