layers 4
  interlace 0.083299999999999999 0.050000000000000003
  thick 0.062520000000000006 0
  color 20 150 210 255
  mosaic "Squoctogon 2" 3
    polygon 8
      1.1102230246251565e-16 0.99999999999999989
      -0.99999999999999978 1
      -1 1.1102230246251565e-16
      -1.0000000000000002 -0.99999999999999978
      -2.7755575615628914e-16 -1
      0.99999999999999956 -1
      0.99999999999999978 -1.1102230246251565e-16
      0.99999999999999989 0.99999999999999978
    irregular Girih 0 2 1
    polygon 12
      0.018076211353325156 3.4000000000000008
      -0.84794919243111311 2.9000000000000004
      -0.84794919243112399 1.8999999999999964
      -0.84794919243112687 0.89999999999999658
      0.018076211353310057 0.39999999999999447
      0.88410161513774899 -0.10000000000000764
      1.7501270189221878 0.39999999999999281
      2.616152422706624 0.89999999999998537
      2.6161524227066262 1.8999999999999857
      2.6161524227066355 2.8999999999999875
      1.7501270189221962 3.3999999999999879
      0.88410161513775698 3.899999999999987
    irregular Girih 0 4 1
    polygon 4
      3.152050807568878 4.0320508075688757
      2.6520508075688776 3.1660254037844382
      3.1520508075688771 2.8773502691896251
      3.6520508075688776 3.1660254037844373
    irregular Star 0 0.59999999999999998 1
  outline
  thick 0.12916000000000002 0
  color 0 0 0 255
  mosaic "Squoctogon 2" 3
    polygon 8
      1.1102230246251565e-16 0.99999999999999989
      -0.99999999999999978 1
      -1 1.1102230246251565e-16
      -1.0000000000000002 -0.99999999999999978
      -2.7755575615628914e-16 -1
      0.99999999999999956 -1
      0.99999999999999978 -1.1102230246251565e-16
      0.99999999999999989 0.99999999999999978
    irregular Girih 0 2 1
    polygon 12
      0.018076211353325156 3.4000000000000008
      -0.84794919243111311 2.9000000000000004
      -0.84794919243112399 1.8999999999999964
      -0.84794919243112687 0.89999999999999658
      0.018076211353310057 0.39999999999999447
      0.88410161513774899 -0.10000000000000764
      1.7501270189221878 0.39999999999999281
      2.616152422706624 0.89999999999998537
      2.6161524227066262 1.8999999999999857
      2.6161524227066355 2.8999999999999875
      1.7501270189221962 3.3999999999999879
      0.88410161513775698 3.899999999999987
    irregular Girih 0 4 1
    polygon 4
      3.152050807568878 4.0320508075688757
      2.6520508075688776 3.1660254037844382
      3.1520508075688771 2.8773502691896251
      3.6520508075688776 3.1660254037844373
    irregular Star 0 0.59999999999999998 1
  filled true false
  color 149 214 182 255
  mosaic "Squoctogon 2" 3
    polygon 8
      1.1102230246251565e-16 0.99999999999999989
      -0.99999999999999978 1
      -1 1.1102230246251565e-16
      -1.0000000000000002 -0.99999999999999978
      -2.7755575615628914e-16 -1
      0.99999999999999956 -1
      0.99999999999999978 -1.1102230246251565e-16
      0.99999999999999989 0.99999999999999978
    irregular Girih 0 2 1
    polygon 12
      0.018076211353325156 3.4000000000000008
      -0.84794919243111311 2.9000000000000004
      -0.84794919243112399 1.8999999999999964
      -0.84794919243112687 0.89999999999999658
      0.018076211353310057 0.39999999999999447
      0.88410161513774899 -0.10000000000000764
      1.7501270189221878 0.39999999999999281
      2.616152422706624 0.89999999999998537
      2.6161524227066262 1.8999999999999857
      2.6161524227066355 2.8999999999999875
      1.7501270189221962 3.3999999999999879
      0.88410161513775698 3.899999999999987
    irregular Girih 0 4 1
    polygon 4
      3.152050807568878 4.0320508075688757
      2.6520508075688776 3.1660254037844382
      3.1520508075688771 2.8773502691896251
      3.6520508075688776 3.1660254037844373
    irregular Star 0 0.59999999999999998 1
  filled false true
  color 237 209 128 255
  mosaic "Squoctogon 2" 3
    polygon 8
      1.1102230246251565e-16 0.99999999999999989
      -0.99999999999999978 1
      -1 1.1102230246251565e-16
      -1.0000000000000002 -0.99999999999999978
      -2.7755575615628914e-16 -1
      0.99999999999999956 -1
      0.99999999999999978 -1.1102230246251565e-16
      0.99999999999999989 0.99999999999999978
    irregular Girih 0 2 1
    polygon 12
      0.018076211353325156 3.4000000000000008
      -0.84794919243111311 2.9000000000000004
      -0.84794919243112399 1.8999999999999964
      -0.84794919243112687 0.89999999999999658
      0.018076211353310057 0.39999999999999447
      0.88410161513774899 -0.10000000000000764
      1.7501270189221878 0.39999999999999281
      2.616152422706624 0.89999999999998537
      2.6161524227066262 1.8999999999999857
      2.6161524227066355 2.8999999999999875
      1.7501270189221962 3.3999999999999879
      0.88410161513775698 3.899999999999987
    irregular Girih 0 4 1
    polygon 4
      3.152050807568878 4.0320508075688757
      2.6520508075688776 3.1660254037844382
      3.1520508075688771 2.8773502691896251
      3.6520508075688776 3.1660254037844373
    irregular Star 0 0.59999999999999998 1
