layers 2

  interlace 0.1146 0.05
  thick 0.08332 0.0
  color 0 102 204 255

  mosaic "Squoctogon" 2

    polygon 8
      1.1102230246251565E-16 0.9999999999999999
      -0.9999999999999998 1.0
      -1.0 1.1102230246251565E-16
      -1.0000000000000002 -0.9999999999999998
      -2.7755575615628914E-16 -1.0
      0.9999999999999996 -1.0
      0.9999999999999998 -1.1102230246251565E-16
      0.9999999999999999 0.9999999999999998

    explicit 


    polygon 4
      3.152050807568878 4.032050807568876
      2.6520508075688776 3.166025403784438
      3.152050807568877 2.877350269189625
      3.6520508075688776 3.1660254037844373

    explicit 


  thick 0.19168000000000002 0.0
  color 204 204 204 255

  mosaic "Squoctogon" 2

    polygon 8
      1.1102230246251565E-16 0.9999999999999999
      -0.9999999999999998 1.0
      -1.0 1.1102230246251565E-16
      -1.0000000000000002 -0.9999999999999998
      -2.7755575615628914E-16 -1.0
      0.9999999999999996 -1.0
      0.9999999999999998 -1.1102230246251565E-16
      0.9999999999999999 0.9999999999999998

    explicit 


    polygon 4
      3.152050807568878 4.032050807568876
      2.6520508075688776 3.166025403784438
      3.152050807568877 2.877350269189625
      3.6520508075688776 3.1660254037844373

    explicit 


