layers 3
  interlace 0.078125 0
  thick 0.079687500000000008 0
  color 20 150 210 255
  mosaic "csk_5" 2
    polygon 4
      -0.38196601125010476 1.1755705045849458
      0.99999999999999978 0.7265425280053609
      2.3819660112501055 1.1755705045849463
      0.99999999999999911 1.624598481164532
    irregular "Girih" 0 1.0600000000000001 1
    regular 5
    rosette 5 0.2890625 1
  interlace 0.078125 0
  thick 0.079687500000000008 0
  color 20 150 210 255
  mosaic "csk_5" 2
    polygon 4
      -0.38196601125010476 1.1755705045849458
      0.99999999999999978 0.7265425280053609
      2.3819660112501055 1.1755705045849463
      0.99999999999999911 1.624598481164532
    irregular "Girih" 0 1.0600000000000001 1
    regular 5
    rosette 5 0.2890625 1
  outline
  thick 0.14531250000000001 0
  color 0 0 102 255
  mosaic "csk_5" 2
    polygon 4
      -0.38196601125010476 1.1755705045849458
      0.99999999999999978 0.7265425280053609
      2.3819660112501055 1.1755705045849463
      0.99999999999999911 1.624598481164532
    irregular "Girih" 0 1.0600000000000001 1
    regular 5
    rosette 5 0.2890625 1
