layers 4
  interlace 0.12 0
  thick 0.02 0
  color 128 64 0 255
  mosaic "8_var" 2
    polygon 8
      -2.2150967824544909 0.84913793103448232
      -1.6293103448275861 0.26335149340757719
      -1.629310344827585 -0.56507563133860739
      -1.043523907200681 0.02071080628829514
      -0.21509678245449401 0.020710806288294688
      -0.80088322008139701 0.60649724391519799
      -0.80088322008139701 1.434924368661386
      -1.3866696577083011 0.84913793103448232
    irregular Girih 0 1 1
    regular 8
    extended
    0 8 -0.20000000000000001 2
  interlace 0.050000000000000003 0
  thick 0.050000000000000003 0
  color 255 255 255 255
  mosaic "8_var" 2
    polygon 8
      -2.2150967824544909 0.84913793103448232
      -1.6293103448275861 0.26335149340757719
      -1.629310344827585 -0.56507563133860739
      -1.043523907200681 0.02071080628829514
      -0.21509678245449401 0.020710806288294688
      -0.80088322008139701 0.60649724391519799
      -0.80088322008139701 1.434924368661386
      -1.3866696577083011 0.84913793103448232
    irregular Girih 0 1 1
    regular 8
    extended
    0 8 -0.20000000000000001 2
  outline
  thick 0.080000000000000002 0
  color 255 102 0 255
  mosaic "8_var" 2
    polygon 8
      -2.2150967824544909 0.84913793103448232
      -1.6293103448275861 0.26335149340757719
      -1.629310344827585 -0.56507563133860739
      -1.043523907200681 0.02071080628829514
      -0.21509678245449401 0.020710806288294688
      -0.80088322008139701 0.60649724391519799
      -0.80088322008139701 1.434924368661386
      -1.3866696577083011 0.84913793103448232
    irregular Girih 0 1 1
    regular 8
    extended
    0 8 -0.20000000000000001 2
  outline
  thick 0.11 0
  color 0 0 0 255
  mosaic "8_var" 2
    polygon 8
      -2.2150967824544909 0.84913793103448232
      -1.6293103448275861 0.26335149340757719
      -1.629310344827585 -0.56507563133860739
      -1.043523907200681 0.02071080628829514
      -0.21509678245449401 0.020710806288294688
      -0.80088322008139701 0.60649724391519799
      -0.80088322008139701 1.434924368661386
      -1.3866696577083011 0.84913793103448232
    irregular Girih 0 1 1
    regular 8
    extended
    0 8 -0.20000000000000001 2
