movable-join-layers  4
  interlace 0 0.050000000000000003
  thick 0.089999999999999997 0.050000000000000003 round
  color 213 213 213 255
  mosaic "Tetrille" 1
    polygon 4
      -0.50000000000000022 -0.86602540378443837
      -9.2518585385429703e-17 5.5511151231257827e-17
      -1 3.3306690738754696e-16
      -1.0000000000000002 -0.5773502691896254
    irregular "Hourglass" 0 1.5 1
  position 252.49999999999994 0 785.95846957286824 0 252.49999999999994 349.08485314410484
  interlace 0 0.050000000000000003
  thick 0.089999999999999997 0.050000000000000003 round
  color 213 213 213 255
  mosaic "Tetrille" 1
    polygon 4
      -0.50000000000000022 -0.86602540378443837
      -9.2518585385429703e-17 5.5511151231257827e-17
      -1 3.3306690738754696e-16
      -1.0000000000000002 -0.5773502691896254
    irregular "Hourglass" 0 1.5 1
  position 252.49999999999994 0 785.95846957286824 0 252.49999999999994 349.08485314410484
  thick 0.13999999999999999 0.019999999999999997 miter
  color 255 255 255 255
  mosaic "Tetrille" 1
    polygon 4
      -0.50000000000000022 -0.86602540378443837
      -9.2518585385429703e-17 5.5511151231257827e-17
      -1 3.3306690738754696e-16
      -1.0000000000000002 -0.5773502691896254
    irregular "Hourglass" 0 1.5 1
  position 252.49999999999994 0 785.95846957286824 0 252.49999999999994 349.08485314410484
  thick 0.10000000000000002 0 miter
  color 0 0 0 255
  mosaic "Tetrille" 1
    polygon 4
      -0.50000000000000022 -0.86602540378443837
      -9.2518585385429703e-17 5.5511151231257827e-17
      -1 3.3306690738754696e-16
      -1.0000000000000002 -0.5773502691896254
    irregular "Hourglass" 0 1.5 1
  position 252.49999999999994 0 785.95846957286824 0 252.49999999999994 349.08485314410484
