layers 5
  outline
  thick 0.050000000000000003 0
  color 255 204 0 255
  mosaic "square_12" 2
    polygon 8
      0.26794919243112292 0.99999999999999967
      0.7320508075688773 0.73205080756887719
      0.99999999999999911 0.26794919243111953
      1.2679491924311224 0.73205080756887475
      1.7320508075688779 0.99999999999999778
      1.2679491924311228 1.2679491924311208
      1 1.7320508075688761
      0.73205080756887753 1.2679491924311224
    irregular Girih 0 1.333 1
    regular 12
    rosette 12 0 3
  outline
  thick 0.050000000000000003 0
  color 255 204 0 255
  mosaic "square_12" 2
    polygon 8
      0.26794919243112292 0.99999999999999967
      0.7320508075688773 0.73205080756887719
      0.99999999999999911 0.26794919243111953
      1.2679491924311224 0.73205080756887475
      1.7320508075688779 0.99999999999999778
      1.2679491924311228 1.2679491924311208
      1 1.7320508075688761
      0.73205080756887753 1.2679491924311224
    irregular Girih 0 1.333 1
    regular 12
    rosette 12 0 3
  outline
  thick 0.050000000000000003 0.01
  color 0 0 0 100
  mosaic "square_12" 2
    polygon 8
      0.26794919243112292 0.99999999999999967
      0.7320508075688773 0.73205080756887719
      0.99999999999999911 0.26794919243111953
      1.2679491924311224 0.73205080756887475
      1.7320508075688779 0.99999999999999778
      1.2679491924311228 1.2679491924311208
      1 1.7320508075688761
      0.73205080756887753 1.2679491924311224
    irregular Girih 0 1.333 1
    regular 12
    rosette 12 0 3
  filled true false
  color 51 153 0 255
  mosaic "square_12" 2
    polygon 8
      0.26794919243112292 0.99999999999999967
      0.7320508075688773 0.73205080756887719
      0.99999999999999911 0.26794919243111953
      1.2679491924311224 0.73205080756887475
      1.7320508075688779 0.99999999999999778
      1.2679491924311228 1.2679491924311208
      1 1.7320508075688761
      0.73205080756887753 1.2679491924311224
    irregular Girih 0 1.333 1
    regular 12
    rosette 12 0 3
  filled false true
  color 204 51 0 255
  mosaic "square_12" 2
    polygon 8
      0.26794919243112292 0.99999999999999967
      0.7320508075688773 0.73205080756887719
      0.99999999999999911 0.26794919243111953
      1.2679491924311224 0.73205080756887475
      1.7320508075688779 0.99999999999999778
      1.2679491924311228 1.2679491924311208
      1 1.7320508075688761
      0.73205080756887753 1.2679491924311224
    irregular Girih 0 1.333 1
    regular 12
    rosette 12 0 3
