movable-layers  5
  interlace 0.040000000000000001 0.050000000000000003
  thick 0.11 0
  color 255 204 51 255
  mosaic "Cairo 5" 1
    polygon 5
      5.2735593669694936e-16 -1.9984014443252818e-15
      -1.2212453270876722e-15 -1.5773502691896293
      1.3660254037844344 -2.3660254037844388
      2.1547005383792506 -1.0000000000000016
      1.5773502691896257 -4.4408920985006262e-16
    irregular "Girih" 0 1.25 2
  position 62.013085110419972 0 342.90301365585623 0 62.013085110419972 294.14903067161134
  interlace 0 0.050000000000000003
  thick 0.125 0
  color 136 109 26 255
  mosaic "Cairo 5" 1
    polygon 5
      5.2735593669694936e-16 -1.9984014443252818e-15
      -1.2212453270876722e-15 -1.5773502691896293
      1.3660254037844344 -2.3660254037844388
      2.1547005383792506 -1.0000000000000016
      1.5773502691896257 -4.4408920985006262e-16
    irregular "Girih" 0 1.25 2
  position 62.013085110419972 0 342.90301365585623 0 62.013085110419972 294.14903067161134
  outline
  thick 0.099999999999999992 0
  color 188 150 37 255
  mosaic "Cairo 5" 1
    polygon 5
      5.2735593669694936e-16 -1.9984014443252818e-15
      -1.2212453270876722e-15 -1.5773502691896293
      1.3660254037844344 -2.3660254037844388
      2.1547005383792506 -1.0000000000000016
      1.5773502691896257 -4.4408920985006262e-16
    irregular "Girih" 0 1.25 2
  position 62.013085110419972 0 339.90301365585663 0 62.013085110419972 305.14903067161134
  outline
  thick 0.099999999999999992 0.01
  color 75 59 14 255
  mosaic "Cairo 5" 1
    polygon 5
      5.2735593669694936e-16 -1.9984014443252818e-15
      -1.2212453270876722e-15 -1.5773502691896293
      1.3660254037844344 -2.3660254037844388
      2.1547005383792506 -1.0000000000000016
      1.5773502691896257 -4.4408920985006262e-16
    irregular "Girih" 0 1.25 2
  position 62.013085110419972 0 341.90301365585623 0 62.013085110419972 299.14903067161146
  outline
  thick 0.099999999999999992 0
  color 74 58 14 255
  mosaic "Cairo 5" 1
    polygon 5
      5.2735593669694936e-16 -1.9984014443252818e-15
      -1.2212453270876722e-15 -1.5773502691896293
      1.3660254037844344 -2.3660254037844388
      2.1547005383792506 -1.0000000000000016
      1.5773502691896257 -4.4408920985006262e-16
    irregular "Girih" 0 1.25 2
  position 62.013085110419972 0 337.90301365585668 0 62.013085110419972 311.14903067161123
