layers 4

  thick 0.05 0.0
  color 255 255 255 255

  mosaic "Timurid Tumaq Aqa" 3

    polygon 6
      -1.020000000000001 3.457683537175253
      -1.4019660112501064 2.93195242505612
      -1.401966011250106 2.282113032590307
      -1.0200000000000005 1.7563819204711735
      -0.6380339887498954 2.282113032590307
      -0.6380339887498955 2.93195242505612

    explicit 


    regular 10

    star 10 3.0 2


    polygon 6
      -0.638033988749895 1.880490200817852
      -0.6380339887498953 1.2306508083520398
      -0.020000000000000132 1.4314622242382675
      0.5980339887498947 1.2306508083520404
      0.5980339887498933 1.8804902008178521
      -0.02000000000000073 1.6796787849316248

    explicit 


  thick 0.0703125 0.0
  color 0 0 0 255

  mosaic "Timurid Tumaq Aqa" 3

    polygon 6
      -1.020000000000001 3.457683537175253
      -1.4019660112501064 2.93195242505612
      -1.401966011250106 2.282113032590307
      -1.0200000000000005 1.7563819204711735
      -0.6380339887498954 2.282113032590307
      -0.6380339887498955 2.93195242505612

    explicit 


    regular 10

    star 10 3.0 2


    polygon 6
      -0.638033988749895 1.880490200817852
      -0.6380339887498953 1.2306508083520398
      -0.020000000000000132 1.4314622242382675
      0.5980339887498947 1.2306508083520404
      0.5980339887498933 1.8804902008178521
      -0.02000000000000073 1.6796787849316248

    explicit 


  filled true false
  color 0 51 102 255

  mosaic "Timurid Tumaq Aqa" 3

    polygon 6
      -1.020000000000001 3.457683537175253
      -1.4019660112501064 2.93195242505612
      -1.401966011250106 2.282113032590307
      -1.0200000000000005 1.7563819204711735
      -0.6380339887498954 2.282113032590307
      -0.6380339887498955 2.93195242505612

    explicit 


    regular 10

    star 10 3.0 2


    polygon 6
      -0.638033988749895 1.880490200817852
      -0.6380339887498953 1.2306508083520398
      -0.020000000000000132 1.4314622242382675
      0.5980339887498947 1.2306508083520404
      0.5980339887498933 1.8804902008178521
      -0.02000000000000073 1.6796787849316248

    explicit 


  filled false true
  color 51 102 255 255

  mosaic "Timurid Tumaq Aqa" 3

    polygon 6
      -1.020000000000001 3.457683537175253
      -1.4019660112501064 2.93195242505612
      -1.401966011250106 2.282113032590307
      -1.0200000000000005 1.7563819204711735
      -0.6380339887498954 2.282113032590307
      -0.6380339887498955 2.93195242505612

    explicit 


    regular 10

    star 10 3.0 2


    polygon 6
      -0.638033988749895 1.880490200817852
      -0.6380339887498953 1.2306508083520398
      -0.020000000000000132 1.4314622242382675
      0.5980339887498947 1.2306508083520404
      0.5980339887498933 1.8804902008178521
      -0.02000000000000073 1.6796787849316248

    explicit 


