layers 3
  plain 
  color 255 255 255 255
  mosaic "9.6" 3
    polygon 5
      -3.8793852415718186 5.5645918021560021
      -3.4844543979371183 4.4795282270235042
      -3.0353556128258301 5.2573901404537118
      -2.1371580426032608 5.2573901404537091
      -2.8793852415718186 6.1419420713456274
    irregular "Girih" 0 0.67000000000000004 1
    regular 9
    rosette 9 0 3
    regular 6
    rosette 6 0 3
  filled false true
  color 0 102 255 255
  mosaic "9.6" 3
    polygon 5
      -3.8793852415718186 5.5645918021560021
      -3.4844543979371183 4.4795282270235042
      -3.0353556128258301 5.2573901404537118
      -2.1371580426032608 5.2573901404537091
      -2.8793852415718186 6.1419420713456274
    irregular "Girih" 0 0.67000000000000004 1
    regular 9
    rosette 9 0 3
    regular 6
    rosette 6 0 3
  thick 0.050000000000000003 0
  color 0 51 102 255
  mosaic "9.6" 3
    polygon 5
      -3.8793852415718186 5.5645918021560021
      -3.4844543979371183 4.4795282270235042
      -3.0353556128258301 5.2573901404537118
      -2.1371580426032608 5.2573901404537091
      -2.8793852415718186 6.1419420713456274
    irregular "Girih" 0 0.67000000000000004 1
    regular 9
    rosette 9 0 3
    regular 6
    rosette 6 0 3
