layers 4
  thick 0.040000000000000001 0
  color 255 255 255 255
  mosaic "9.6 Losange 2" 4
    polygon 10
      -8.6381557247154497 3.8325409945871161
      -8.2432248810807529 2.747477419454619
      -8.6381557247154497 1.6624138443221199
      -7.5009976821121933 1.4619022000815398
      -6.7587704831436346 0.57735026918962251
      -5.7587704831436355 1.1547005383792486
      -6.153701326778334 2.2397641135117463
      -5.7587704831436355 3.3248276886442438
      -6.8959285257468901 3.5253393328848235
      -7.6381557247154497 4.4098912637767409
    irregular Girih 0.27000000000000002 2.98 1
    polygon 12
      -4.7587704831436355 3.9021779578338687
      -3.6216124405403791 3.7016663135932886
      -2.8793852415718204 2.8171143827013712
      -2.1371580426032604 3.701666313593293
      -1.0000000000000004 3.9021779578338736
      -1.3949308436346988 4.9872415329663697
      -1.0000000000000029 6.0723051080988668
      -2.1371580426032524 6.2728167523394376
      -2.8793852415718098 7.1573686832313594
      -3.6216124405403711 6.2728167523394447
      -4.7587704831436319 6.072305108098865
      -4.3638396395089334 4.9872415329663671
    irregular Girih 0 3.6499999999999999 1
    regular 9
    star 9 3.46 2
    regular 6
    star 6 2 2
  filled true false
  color 255 255 255 255
  mosaic "9.6 Losange 2" 4
    polygon 10
      -8.6381557247154497 3.8325409945871161
      -8.2432248810807529 2.747477419454619
      -8.6381557247154497 1.6624138443221199
      -7.5009976821121933 1.4619022000815398
      -6.7587704831436346 0.57735026918962251
      -5.7587704831436355 1.1547005383792486
      -6.153701326778334 2.2397641135117463
      -5.7587704831436355 3.3248276886442438
      -6.8959285257468901 3.5253393328848235
      -7.6381557247154497 4.4098912637767409
    irregular Girih 0.27000000000000002 2.98 1
    polygon 12
      -4.7587704831436355 3.9021779578338687
      -3.6216124405403791 3.7016663135932886
      -2.8793852415718204 2.8171143827013712
      -2.1371580426032604 3.701666313593293
      -1.0000000000000004 3.9021779578338736
      -1.3949308436346988 4.9872415329663697
      -1.0000000000000029 6.0723051080988668
      -2.1371580426032524 6.2728167523394376
      -2.8793852415718098 7.1573686832313594
      -3.6216124405403711 6.2728167523394447
      -4.7587704831436319 6.072305108098865
      -4.3638396395089334 4.9872415329663671
    irregular Girih 0 3.6499999999999999 1
    regular 9
    star 9 3.46 2
    regular 6
    star 6 2 2
  thick 0.089999999999999997 0
  color 0 0 0 255
  mosaic "9.6 Losange 2" 4
    polygon 10
      -8.6381557247154497 3.8325409945871161
      -8.2432248810807529 2.747477419454619
      -8.6381557247154497 1.6624138443221199
      -7.5009976821121933 1.4619022000815398
      -6.7587704831436346 0.57735026918962251
      -5.7587704831436355 1.1547005383792486
      -6.153701326778334 2.2397641135117463
      -5.7587704831436355 3.3248276886442438
      -6.8959285257468901 3.5253393328848235
      -7.6381557247154497 4.4098912637767409
    irregular Girih 0.27000000000000002 2.98 1
    polygon 12
      -4.7587704831436355 3.9021779578338687
      -3.6216124405403791 3.7016663135932886
      -2.8793852415718204 2.8171143827013712
      -2.1371580426032604 3.701666313593293
      -1.0000000000000004 3.9021779578338736
      -1.3949308436346988 4.9872415329663697
      -1.0000000000000029 6.0723051080988668
      -2.1371580426032524 6.2728167523394376
      -2.8793852415718098 7.1573686832313594
      -3.6216124405403711 6.2728167523394447
      -4.7587704831436319 6.072305108098865
      -4.3638396395089334 4.9872415329663671
    irregular Girih 0 3.6499999999999999 1
    regular 9
    star 9 3.46 2
    regular 6
    star 6 2 2
  filled false true
  color 232 185 174 255
  mosaic "9.6 Losange 2" 4
    polygon 10
      -8.6381557247154497 3.8325409945871161
      -8.2432248810807529 2.747477419454619
      -8.6381557247154497 1.6624138443221199
      -7.5009976821121933 1.4619022000815398
      -6.7587704831436346 0.57735026918962251
      -5.7587704831436355 1.1547005383792486
      -6.153701326778334 2.2397641135117463
      -5.7587704831436355 3.3248276886442438
      -6.8959285257468901 3.5253393328848235
      -7.6381557247154497 4.4098912637767409
    irregular Girih 0.27000000000000002 2.98 1
    polygon 12
      -4.7587704831436355 3.9021779578338687
      -3.6216124405403791 3.7016663135932886
      -2.8793852415718204 2.8171143827013712
      -2.1371580426032604 3.701666313593293
      -1.0000000000000004 3.9021779578338736
      -1.3949308436346988 4.9872415329663697
      -1.0000000000000029 6.0723051080988668
      -2.1371580426032524 6.2728167523394376
      -2.8793852415718098 7.1573686832313594
      -3.6216124405403711 6.2728167523394447
      -4.7587704831436319 6.072305108098865
      -4.3638396395089334 4.9872415329663671
    irregular Girih 0 3.6499999999999999 1
    regular 9
    star 9 3.46 2
    regular 6
    star 6 2 2
