layers 4

  thick 0.004 0.0
  color 0 102 102 255

  mosaic "var_5" 3

    polygon 4
      -1.464953271028038 1.3996256962937044
      -0.6108513047783539 0.2240551917087581
      0.771114706471751 -0.22497278487082784
      -0.08298725977793286 0.9505977197141181

    explicit 


    polygon 4
      -0.6108513047783548 -2.1270858174611336
      -0.6108513047783557 -3.580170873471857
      0.7711147064717497 -3.1311428968922725
      0.77111470647175 -1.6780578408815492

    explicit 


    regular 5

    star 5 2.0 1


  outline 
  thick 0.17392578125000002 0.0
  color 0 51 102 255

  mosaic "var_5" 3

    polygon 4
      -1.464953271028038 1.3996256962937044
      -0.6108513047783539 0.2240551917087581
      0.771114706471751 -0.22497278487082784
      -0.08298725977793286 0.9505977197141181

    explicit 


    polygon 4
      -0.6108513047783548 -2.1270858174611336
      -0.6108513047783557 -3.580170873471857
      0.7711147064717497 -3.1311428968922725
      0.77111470647175 -1.6780578408815492

    explicit 


    regular 5

    star 5 2.0 1


  outline 
  thick 0.17392578125000002 0.0
  color 0 51 102 255

  mosaic "var_5" 3

    polygon 4
      -1.464953271028038 1.3996256962937044
      -0.6108513047783539 0.2240551917087581
      0.771114706471751 -0.22497278487082784
      -0.08298725977793286 0.9505977197141181

    explicit 


    polygon 4
      -0.6108513047783548 -2.1270858174611336
      -0.6108513047783557 -3.580170873471857
      0.7711147064717497 -3.1311428968922725
      0.77111470647175 -1.6780578408815492

    explicit 


    regular 5

    star 5 2.0 1


  filled false true
  color 0 51 102 255

  mosaic "var_5" 3

    polygon 4
      -1.464953271028038 1.3996256962937044
      -0.6108513047783539 0.2240551917087581
      0.771114706471751 -0.22497278487082784
      -0.08298725977793286 0.9505977197141181

    explicit 


    polygon 4
      -0.6108513047783548 -2.1270858174611336
      -0.6108513047783557 -3.580170873471857
      0.7711147064717497 -3.1311428968922725
      0.77111470647175 -1.6780578408815492

    explicit 


    regular 5

    star 5 2.0 1


