layers 3

  interlace 0.0 0.08
  thick 0.06 0.0
  color 153 204 255 255

  mosaic "wonka" 6

    regular 10

    star 10 3.0 2


    polygon 4
      -0.6108513047783548 -2.1270858174611336
      -0.6108513047783557 -3.580170873471857
      0.7711147064717497 -3.1311428968922725
      0.77111470647175 -1.6780578408815492

    explicit 


    polygon 6
      -11.896929262333513 -4.341139920693237
      -11.042827296083829 -5.516710425278183
      -9.660861284833725 -5.067682448698599
      -8.80675931858404 -3.892111944113654
      -9.660861284833725 -2.7165414395287084
      -11.042827296083829 -3.1655694161082923

    explicit 


    polygon 6
      -0.6108513047783553 -2.127085817461134
      -0.6108513047783557 -3.580170873471857
      0.7711147064717497 -3.1311428968922725
      2.1530807177218545 -3.5801708734718587
      2.1530807177218536 -2.1270858174611345
      0.7711147064717493 -2.5761137940407193

    explicit 


    polygon 3
      1.7261473542863088 2.2768056633510874
      0.8720453880366157 1.101235158766137
      2.254011399286725 1.550263135345725

    explicit 


    polygon 6
      1.7261473542863088 2.2768056633510874
      2.254011399286725 1.550263135345725
      3.6359774105368308 1.999291111925312
      4.4900793767865155 3.17486161651026
      3.9622153317860986 3.901404144515619
      2.5802493205359935 3.452376167936033

    explicit 


  outline 
  thick 0.16 0.0
  color 0 102 153 127

  mosaic "wonka" 6

    regular 10

    star 10 3.0 2


    polygon 4
      -0.6108513047783548 -2.1270858174611336
      -0.6108513047783557 -3.580170873471857
      0.7711147064717497 -3.1311428968922725
      0.77111470647175 -1.6780578408815492

    explicit 


    polygon 6
      -11.896929262333513 -4.341139920693237
      -11.042827296083829 -5.516710425278183
      -9.660861284833725 -5.067682448698599
      -8.80675931858404 -3.892111944113654
      -9.660861284833725 -2.7165414395287084
      -11.042827296083829 -3.1655694161082923

    explicit 


    polygon 6
      -0.6108513047783553 -2.127085817461134
      -0.6108513047783557 -3.580170873471857
      0.7711147064717497 -3.1311428968922725
      2.1530807177218545 -3.5801708734718587
      2.1530807177218536 -2.1270858174611345
      0.7711147064717493 -2.5761137940407193

    explicit 


    polygon 3
      1.7261473542863088 2.2768056633510874
      0.8720453880366157 1.101235158766137
      2.254011399286725 1.550263135345725

    explicit 


    polygon 6
      1.7261473542863088 2.2768056633510874
      2.254011399286725 1.550263135345725
      3.6359774105368308 1.999291111925312
      4.4900793767865155 3.17486161651026
      3.9622153317860986 3.901404144515619
      2.5802493205359935 3.452376167936033

    explicit 


  filled true false
  color 20 150 210 255

  mosaic "wonka" 6

    regular 10

    star 10 3.0 2


    polygon 4
      -0.6108513047783548 -2.1270858174611336
      -0.6108513047783557 -3.580170873471857
      0.7711147064717497 -3.1311428968922725
      0.77111470647175 -1.6780578408815492

    explicit 


    polygon 6
      -11.896929262333513 -4.341139920693237
      -11.042827296083829 -5.516710425278183
      -9.660861284833725 -5.067682448698599
      -8.80675931858404 -3.892111944113654
      -9.660861284833725 -2.7165414395287084
      -11.042827296083829 -3.1655694161082923

    explicit 


    polygon 6
      -0.6108513047783553 -2.127085817461134
      -0.6108513047783557 -3.580170873471857
      0.7711147064717497 -3.1311428968922725
      2.1530807177218545 -3.5801708734718587
      2.1530807177218536 -2.1270858174611345
      0.7711147064717493 -2.5761137940407193

    explicit 


    polygon 3
      1.7261473542863088 2.2768056633510874
      0.8720453880366157 1.101235158766137
      2.254011399286725 1.550263135345725

    explicit 


    polygon 6
      1.7261473542863088 2.2768056633510874
      2.254011399286725 1.550263135345725
      3.6359774105368308 1.999291111925312
      4.4900793767865155 3.17486161651026
      3.9622153317860986 3.901404144515619
      2.5802493205359935 3.452376167936033

    explicit 


